mad_dog,1605072974824,4.19725,11.25803,-0.90221
mad_dog,1605072974926,4.07957,11.72875,-1.60829
mad_dog,1605072975028,3.33426,11.29726,-1.01989
mad_dog,1605072975129,3.53039,11.25803,-0.90221
mad_dog,1605072975231,3.37349,11.21881,-1.09834
mad_dog,1605072975332,3.56962,11.33649,-0.94144
mad_dog,1605072975435,3.96189,11.06190,-1.09834
mad_dog,1605072975537,3.68730,11.53262,-1.21602
mad_dog,1605072975639,3.53039,11.37571,-1.56906
mad_dog,1605072975742,3.64807,10.90499,-1.21602
mad_dog,1605072975844,3.84421,11.10113,-0.15691
mad_dog,1605072975947,5.60940,10.86577,-1.41216
mad_dog,1605072976049,5.09946,10.08124,-0.86299
mad_dog,1605072976151,5.09946,10.31660,-0.03923
mad_dog,1605072976254,6.59007,9.96356,-0.07845
mad_dog,1605072976356,7.25692,9.72820,-0.66685
mad_dog,1605072976459,8.23759,8.98289,-0.62763
mad_dog,1605072976561,7.13924,9.25748,0.31381
mad_dog,1605072976664,6.59007,9.76742,0.31381
mad_dog,1605072976766,6.98233,9.45361,0.94144
mad_dog,1605072976868,4.70719,9.92433,-1.76520
mad_dog,1605072976971,8.35527,9.68897,-0.11768
mad_dog,1605072977073,7.29615,9.33593,-1.09834
mad_dog,1605072977176,4.78565,10.04201,-0.03923
mad_dog,1605072977278,4.11879,11.88566,1.05912
mad_dog,1605072977381,6.15858,10.43428,0.03923
mad_dog,1605072977483,5.06023,10.39505,0.19613
mad_dog,1605072977585,5.06023,11.02267,0.00000
mad_dog,1605072977688,4.82487,10.70886,-0.03923
mad_dog,1605072977790,5.84476,10.51273,-0.07845
mad_dog,1605072977893,6.04090,10.59118,0.35304
mad_dog,1605072977995,5.29559,10.66964,-0.07845
mad_dog,1605072978097,4.94255,10.55196,0.03923
mad_dog,1605072978200,5.21714,10.66964,0.00000
mad_dog,1605072978302,5.49172,10.39505,-0.03923
mad_dog,1605072978405,5.25636,10.55196,-0.15691
mad_dog,1605072978507,5.45250,10.47350,-0.03923
mad_dog,1605072978610,8.15913,9.96356,2.31437
mad_dog,1605072978711,5.06023,10.51273,-2.19669
mad_dog,1605072978813,5.72708,10.23814,-0.31381
mad_dog,1605072978914,5.53095,10.59118,-0.66685
mad_dog,1605072979016,6.19780,11.17958,0.11768
mad_dog,1605072979117,7.33537,9.25748,-1.64752
mad_dog,1605072979219,5.96244,9.57129,-0.23536
mad_dog,1605072979320,5.49172,9.64974,-0.39227
mad_dog,1605072979423,10.15969,9.57129,-3.76575
mad_dog,1605072979526,7.88455,8.47295,-1.33370
mad_dog,1605072979628,7.76687,8.74753,0.19613
mad_dog,1605072979730,7.45305,8.31604,1.92210
mad_dog,1605072979833,8.39449,8.47295,-0.50995
mad_dog,1605072979935,8.15913,8.15913,-0.50995
mad_dog,1605072980038,7.37460,9.02212,0.11768
mad_dog,1605072980140,7.06079,9.72820,-0.03923
mad_dog,1605072980242,6.90388,9.76742,0.00000
mad_dog,1605072980345,6.51162,9.92433,-0.43149
mad_dog,1605072980447,8.74753,8.04145,1.60829
mad_dog,1605072980550,5.80554,9.49284,0.07845
mad_dog,1605072980652,9.37516,8.27681,0.54917
mad_dog,1605072980754,6.86465,9.13980,-0.70608
mad_dog,1605072980857,6.66852,8.94366,2.15746
mad_dog,1605072980960,8.08068,9.10057,-0.70608
mad_dog,1605072981062,6.82543,9.49284,-0.35304
mad_dog,1605072981164,7.49228,9.17902,-0.35304
mad_dog,1605072981267,8.11991,8.78676,0.35304
mad_dog,1605072981369,8.47295,8.35527,1.37293
mad_dog,1605072981472,7.41383,8.51217,-0.39227
mad_dog,1605072981574,4.94255,10.23814,-0.94144
mad_dog,1605072981677,4.86410,11.41494,-1.37293
mad_dog,1605072981781,6.04090,9.76742,-0.47072
mad_dog,1605072981884,5.57018,9.84588,1.56906
mad_dog,1605072981988,6.43316,9.96356,-1.05912
mad_dog,1605072982092,6.15858,9.06134,-0.50995
mad_dog,1605072982196,6.23703,10.98345,2.43205
mad_dog,1605072982300,6.23703,10.59118,-0.74531
mad_dog,1605072982404,5.57018,9.72820,-0.27459
mad_dog,1605072982508,8.19836,10.15969,0.00000
mad_dog,1605072982611,6.15858,9.33593,-0.39227
mad_dog,1605072982715,7.29615,10.00278,1.68674
mad_dog,1605072982819,7.29615,9.33593,-1.01989
mad_dog,1605072982923,6.43316,9.02212,-0.31381
mad_dog,1605072983026,7.37460,10.04201,-0.15691
mad_dog,1605072983130,6.62930,9.92433,-1.01989
mad_dog,1605072983234,6.66852,9.10057,-0.11768
mad_dog,1605072983338,6.90388,10.12046,-0.43149
mad_dog,1605072983441,7.33537,9.68897,-0.50995
mad_dog,1605072983545,6.94311,9.21825,-0.90221
mad_dog,1605072983649,8.70831,9.41438,0.11768
mad_dog,1605072983753,7.72764,9.02212,-0.54917
mad_dog,1605072983857,8.27681,7.92377,0.00000
mad_dog,1605072983961,7.80609,8.90444,0.27459
mad_dog,1605072984065,7.84532,8.74753,0.15691
mad_dog,1605072984168,7.76687,8.55140,0.03923
mad_dog,1605072984272,7.29615,9.45361,0.19613
mad_dog,1605072984376,7.45305,9.10057,0.03923
mad_dog,1605072984480,7.41383,9.02212,0.78453
mad_dog,1605072984584,7.49228,9.45361,0.35304
mad_dog,1605072984687,7.17847,9.17902,0.31381
mad_dog,1605072984791,7.06079,9.41438,0.50995
mad_dog,1605072984895,7.06079,9.49284,0.54917
mad_dog,1605072984999,6.90388,9.49284,0.54917
mad_dog,1605072985102,7.57073,9.10057,0.70608
mad_dog,1605072985206,7.41383,8.74753,-0.66685
mad_dog,1605072985309,7.60996,8.86521,0.00000
mad_dog,1605072985412,6.70775,9.57129,1.88288
mad_dog,1605072985515,6.51162,9.64974,1.21602
mad_dog,1605072985617,6.90388,9.37516,-0.31381
mad_dog,1605072985720,8.98289,7.21769,1.21602
mad_dog,1605072985822,9.37516,7.49228,1.80442
mad_dog,1605072985925,7.72764,9.13980,-0.82376
mad_dog,1605072986027,8.94366,8.43372,0.66685
mad_dog,1605072986130,7.10001,7.41383,-0.66685
mad_dog,1605072986232,6.82543,9.41438,-0.31381
mad_dog,1605072986335,7.64919,10.19892,0.07845
mad_dog,1605072986437,7.53151,9.21825,0.15691
mad_dog,1605072986540,8.15913,8.08068,0.03923
mad_dog,1605072986642,9.68897,6.35471,1.41216
mad_dog,1605072986745,8.11991,7.80609,-0.66685
mad_dog,1605072986848,8.66908,7.84532,1.01989
mad_dog,1605072986951,8.55140,7.72764,-0.50995
mad_dog,1605072987055,7.96300,7.96300,0.00000
mad_dog,1605072987159,7.29615,8.82598,0.82376
mad_dog,1605072987263,6.08012,10.15969,0.35304
mad_dog,1605072987367,5.29559,10.55196,-0.11768
mad_dog,1605072987470,6.74698,9.64974,0.15691
mad_dog,1605072987574,6.55084,9.53206,0.11768
mad_dog,1605072987678,6.39394,9.88510,-0.23536
mad_dog,1605072987782,8.86521,7.88455,0.94144
mad_dog,1605072987886,7.06079,9.17902,0.35304
mad_dog,1605072987989,4.58951,11.21881,0.74531
mad_dog,1605072988093,4.94255,11.10113,0.54917
mad_dog,1605072988197,9.53206,6.27626,0.50995
mad_dog,1605072988301,8.04145,7.10001,1.41216
mad_dog,1605072988405,8.66908,8.51217,0.31381
mad_dog,1605072988508,8.70831,7.57073,-0.11768
mad_dog,1605072988612,6.82543,9.02212,-0.23536
mad_dog,1605072988716,7.72764,9.41438,-0.43149
mad_dog,1605072988820,7.29615,8.62985,-0.03923
mad_dog,1605072988924,7.45305,8.11991,0.11768
mad_dog,1605072989028,8.74753,7.33537,-0.07845
mad_dog,1605072989132,7.57073,8.74753,0.54917
mad_dog,1605072989235,8.35527,8.47295,-0.98067
mad_dog,1605072989339,7.25692,8.39449,-0.50995
mad_dog,1605072989443,7.02156,8.86521,-0.15691
mad_dog,1605072989547,7.80609,8.47295,0.50995
mad_dog,1605072989651,10.31660,6.23703,0.39227
mad_dog,1605072989755,9.72820,6.43316,0.11768
mad_dog,1605072989858,9.29670,7.25692,-0.07845
mad_dog,1605072989962,8.62985,7.17847,0.11768
mad_dog,1605072990066,7.21769,8.31604,2.54973
mad_dog,1605072990170,7.96300,8.78676,3.13813
mad_dog,1605072990274,8.51217,8.04145,-1.49061
mad_dog,1605072990377,9.57129,5.57018,1.52984
mad_dog,1605072990480,10.74809,4.62874,1.56906
mad_dog,1605072990583,8.74753,8.15913,-1.13757
mad_dog,1605072990686,10.74809,5.41327,0.66685
mad_dog,1605072990788,9.92433,4.55029,1.52984
mad_dog,1605072990891,10.31660,5.13868,2.15746
mad_dog,1605072990993,9.72820,5.76631,1.01989
mad_dog,1605072991097,9.88510,5.49172,1.33370
mad_dog,1605072991201,10.04201,5.68786,0.74531
mad_dog,1605072991305,8.19836,6.62930,8.39449
mad_dog,1605072991408,9.80665,6.66852,0.98067
mad_dog,1605072991512,9.21825,5.88399,2.43205
mad_dog,1605072991616,9.72820,5.72708,2.27514
mad_dog,1605072991720,10.15969,4.51106,3.64807
mad_dog,1605072991824,9.80665,5.02100,0.03923
mad_dog,1605072991928,9.33593,5.45250,1.64752
mad_dog,1605072992031,10.08124,5.60940,1.80442
mad_dog,1605072992135,9.72820,4.86410,2.27514
mad_dog,1605072992239,10.55196,4.62874,3.33426
mad_dog,1605072992343,9.06134,7.45305,1.88288
mad_dog,1605072992446,10.23814,5.29559,0.66685
mad_dog,1605072992550,9.45361,5.29559,3.29503
mad_dog,1605072992654,8.35527,6.04090,1.68674
mad_dog,1605072992758,8.19836,6.04090,0.43149
mad_dog,1605072992862,9.68897,5.57018,0.78453
mad_dog,1605072992966,10.35582,5.09946,1.96133
mad_dog,1605072993069,9.92433,5.33482,2.07901
mad_dog,1605072993173,13.25859,2.66741,6.00167
mad_dog,1605072993277,9.57129,5.06023,2.51050
mad_dog,1605072993379,11.25803,4.82487,-0.47072
mad_dog,1605072993481,11.68953,2.86354,4.55029
mad_dog,1605072993582,9.21825,5.17791,1.21602
mad_dog,1605072993684,9.88510,4.55029,1.33370
mad_dog,1605072993785,9.57129,4.98178,3.25581
mad_dog,1605072993887,8.59063,4.90332,0.82376
mad_dog,1605072993988,10.27737,4.27570,2.35360
mad_dog,1605072994091,10.47350,3.80498,2.54973
mad_dog,1605072994194,10.00278,4.51106,1.96133
mad_dog,1605072994296,9.96356,5.09946,1.96133
mad_dog,1605072994399,8.82598,7.25692,2.19669
mad_dog,1605072994501,7.76687,8.27681,1.49061
mad_dog,1605072994605,7.49228,8.27681,1.88288
mad_dog,1605072994709,7.88455,6.04090,3.41271
mad_dog,1605072994813,10.74809,2.39282,3.76575
mad_dog,1605072994916,12.74864,-1.21602,1.72597
mad_dog,1605072995020,9.92433,1.09834,0.94144
mad_dog,1605072995124,9.92433,3.13813,4.19725
mad_dog,1605072995228,10.39505,1.68674,3.60885
mad_dog,1605072995332,9.61052,2.58896,1.01989
mad_dog,1605072995436,12.35638,1.49061,-0.54917
mad_dog,1605072995539,9.64974,2.51050,-0.07845
mad_dog,1605072995643,11.10113,4.58951,3.09890
mad_dog,1605072995747,11.02267,4.19725,0.07845
mad_dog,1605072995851,9.53206,4.04034,1.25525
mad_dog,1605072995955,10.86577,4.00111,0.82376
mad_dog,1605072996059,11.29726,3.45194,1.56906
mad_dog,1605072996162,9.45361,3.41271,0.50995
mad_dog,1605072996266,10.23814,2.39282,1.49061
mad_dog,1605072996370,10.63041,4.11879,0.15691
mad_dog,1605072996474,9.84588,4.00111,0.62763
mad_dog,1605072996578,11.10113,3.96189,0.98067
mad_dog,1605072996681,10.74809,3.41271,2.00056
mad_dog,1605072996785,10.59118,5.17791,-0.35304
mad_dog,1605072996889,10.00278,4.98178,-0.39227
mad_dog,1605072996993,9.88510,4.98178,-0.03923
mad_dog,1605072997097,10.66964,4.51106,-0.11768
mad_dog,1605072997200,10.47350,4.00111,-0.70608
mad_dog,1605072997304,14.04312,0.78453,7.29615
mad_dog,1605072997408,8.47295,6.59007,2.94199
mad_dog,1605072997512,9.33593,6.51162,2.27514
mad_dog,1605072997616,8.39449,7.21769,1.09834
mad_dog,1605072997719,8.78676,5.37404,2.31437
mad_dog,1605072997823,11.06190,4.19725,3.56962
mad_dog,1605072997927,11.06190,3.64807,1.60829
mad_dog,1605072998031,10.31660,4.70719,1.37293
mad_dog,1605072998135,10.19892,5.64863,2.74586
mad_dog,1605072998239,8.08068,6.04090,3.56962
mad_dog,1605072998342,8.74753,6.78620,2.78509
mad_dog,1605072998445,9.41438,6.27626,2.31437
mad_dog,1605072998548,10.31660,4.78565,1.41216
mad_dog,1605072998650,9.06134,5.17791,0.98067
mad_dog,1605072998753,7.88455,7.37460,3.72653
mad_dog,1605072998855,10.39505,5.57018,2.58896
mad_dog,1605072998958,9.02212,5.96244,2.19669
mad_dog,1605072999060,9.49284,6.11935,3.25581
mad_dog,1605072999162,9.29670,5.57018,3.33426
mad_dog,1605072999265,9.64974,5.72708,3.05967
mad_dog,1605072999367,10.19892,6.70775,4.94255
mad_dog,1605072999469,8.59063,5.45250,2.23592
mad_dog,1605072999572,9.06134,6.55084,2.51050
mad_dog,1605072999674,9.21825,6.00167,2.54973
mad_dog,1605072999778,9.57129,5.33482,2.74586
mad_dog,1605072999882,9.57129,5.25636,3.02045
mad_dog,1605072999986,9.76742,5.41327,2.90277
mad_dog,1605073000090,9.72820,5.41327,2.90277
mad_dog,1605073000194,9.57129,5.21714,2.86354
mad_dog,1605073000298,9.57129,5.25636,2.98122
mad_dog,1605073000402,9.61052,5.25636,3.13813
mad_dog,1605073000505,9.68897,5.13868,3.09890
mad_dog,1605073000609,9.49284,5.25636,3.21658
mad_dog,1605073000713,9.61052,5.21714,3.21658
mad_dog,1605073000816,9.61052,5.21714,3.21658
mad_dog,1605073000920,9.76742,5.37404,3.25581
mad_dog,1605073001024,9.53206,4.74642,2.74586
mad_dog,1605073001128,9.61052,5.53095,2.94199
mad_dog,1605073001232,9.72820,5.13868,2.82432
mad_dog,1605073001336,9.21825,5.09946,3.45194
mad_dog,1605073001439,9.37516,5.25636,3.72653
mad_dog,1605073001543,9.37516,5.49172,3.68730
mad_dog,1605073001647,14.16080,2.03978,2.54973
mad_dog,1605073001751,8.31604,4.78565,1.01989
mad_dog,1605073001855,11.49339,4.78565,2.90277
mad_dog,1605073001958,9.76742,4.23647,1.68674
mad_dog,1605073002062,8.59063,5.80554,1.88288
mad_dog,1605073002166,9.80665,5.45250,3.17735
mad_dog,1605073002270,7.02156,8.62985,1.45138
mad_dog,1605073002373,9.29670,5.53095,2.15746
mad_dog,1605073002478,10.12046,5.72708,2.19669
mad_dog,1605073002582,8.23759,5.53095,1.37293
mad_dog,1605073002684,10.55196,3.37349,0.11768
mad_dog,1605073002786,7.64919,6.27626,0.03923
mad_dog,1605073002889,10.78731,6.23703,-1.21602
mad_dog,1605073002991,8.98289,4.94255,0.15691
mad_dog,1605073003094,9.88510,5.72708,0.54917
mad_dog,1605073003196,10.47350,5.41327,0.90221
mad_dog,1605073003299,7.29615,7.17847,1.60829
mad_dog,1605073003403,11.14035,4.90332,2.43205
mad_dog,1605073003506,9.13980,5.37404,1.13757
mad_dog,1605073003609,9.25748,6.35471,1.64752
mad_dog,1605073003711,9.53206,5.76631,3.17735
mad_dog,1605073003814,9.61052,4.55029,0.90221
mad_dog,1605073003916,8.82598,5.21714,3.02045
mad_dog,1605073004019,11.02267,3.80498,2.62818
mad_dog,1605073004121,9.72820,3.72653,0.58840
mad_dog,1605073004224,9.96356,4.74642,2.23592
mad_dog,1605073004326,10.08124,5.13868,2.70664
mad_dog,1605073004429,9.72820,5.21714,2.43205
mad_dog,1605073004531,9.72820,5.57018,2.54973
mad_dog,1605073004634,8.70831,5.17791,3.60885
mad_dog,1605073004736,9.57129,4.00111,3.05967
mad_dog,1605073004839,9.41438,4.62874,2.70664
mad_dog,1605073004941,6.51162,9.49284,-1.29448
mad_dog,1605073005044,8.74753,6.98233,1.37293
mad_dog,1605073005146,9.49284,4.39338,3.33426
mad_dog,1605073005249,10.12046,5.09946,2.54973
mad_dog,1605073005351,9.29670,5.76631,2.07901
mad_dog,1605073005453,11.92489,5.06023,2.23592
mad_dog,1605073005556,9.72820,4.94255,1.41216
mad_dog,1605073005658,9.80665,4.90332,1.88288
mad_dog,1605073005761,10.39505,4.66797,2.43205
mad_dog,1605073005863,10.08124,4.35415,2.15746
mad_dog,1605073005966,9.84588,5.02100,2.90277
mad_dog,1605073006068,10.23814,4.58951,2.47128
mad_dog,1605073006171,10.47350,4.15802,2.62818
mad_dog,1605073006273,9.96356,4.86410,2.11824
mad_dog,1605073006376,9.84588,4.55029,2.39282
mad_dog,1605073006478,9.64974,4.58951,2.66741
mad_dog,1605073006581,10.15969,3.33426,3.29503
mad_dog,1605073006683,10.74809,2.94199,2.27514
mad_dog,1605073006786,9.49284,4.15802,1.80442
mad_dog,1605073006888,10.31660,3.64807,1.96133
mad_dog,1605073006991,9.68897,3.68730,1.64752
mad_dog,1605073007093,9.76742,3.84421,4.27570
mad_dog,1605073007197,8.78676,4.15802,3.13813
mad_dog,1605073007301,8.31604,5.80554,2.31437
mad_dog,1605073007405,9.29670,6.59007,3.92266
mad_dog,1605073007509,9.76742,5.13868,3.49117
mad_dog,1605073007613,9.02212,5.21714,3.17735
mad_dog,1605073007717,9.92433,5.41327,3.29503
mad_dog,1605073007820,9.13980,5.45250,2.62818
mad_dog,1605073007925,8.90444,5.96244,2.74586
mad_dog,1605073008028,9.45361,6.27626,3.21658
mad_dog,1605073008132,9.29670,5.68786,3.09890
mad_dog,1605073008237,9.53206,5.88399,3.29503
mad_dog,1605073008340,9.41438,5.60940,3.05967
mad_dog,1605073008444,9.41438,5.68786,2.94199
mad_dog,1605073008548,9.53206,5.64863,3.17735
mad_dog,1605073008652,9.72820,5.29559,3.88343
mad_dog,1605073008756,5.06023,9.53206,-0.66685
mad_dog,1605073008860,9.21825,5.49172,3.64807
mad_dog,1605073008964,9.61052,4.98178,3.64807
mad_dog,1605073009067,10.35582,4.82487,3.45194
mad_dog,1605073009171,2.43205,12.78787,-1.49061
mad_dog,1605073009275,9.13980,4.62874,5.09946
mad_dog,1605073009378,11.84643,2.15746,6.35471
mad_dog,1605073009482,8.00223,7.41383,0.90221
mad_dog,1605073009586,7.53151,7.57073,1.72597
mad_dog,1605073009690,9.06134,5.96244,3.05967
mad_dog,1605073009794,9.88510,5.60940,2.07901
mad_dog,1605073009897,10.35582,5.13868,2.51050
mad_dog,1605073010001,10.00278,5.57018,3.21658
mad_dog,1605073010105,7.68841,3.68730,2.03978
mad_dog,1605073010209,10.12046,4.43261,1.92210
mad_dog,1605073010312,10.23814,2.90277,2.43205
mad_dog,1605073010415,9.21825,4.51106,2.51050
mad_dog,1605073010518,10.98345,0.82376,3.53039
mad_dog,1605073010621,12.55251,0.31381,3.84421
mad_dog,1605073010724,7.37460,1.25525,2.00056
mad_dog,1605073010829,11.68953,-2.70664,3.21658
mad_dog,1605073010932,7.88455,0.78453,2.35360
mad_dog,1605073011036,12.47406,-2.35360,4.07957
mad_dog,1605073011140,6.08012,4.04034,3.25581
mad_dog,1605073011244,10.12046,0.74531,2.54973
mad_dog,1605073011348,9.68897,3.72653,3.25581
mad_dog,1605073011451,8.90444,5.72708,3.02045
mad_dog,1605073011556,5.09946,9.92433,1.13757
mad_dog,1605073011660,6.39394,9.49284,1.52984
mad_dog,1605073011763,8.98289,6.11935,2.39282
mad_dog,1605073011867,11.14035,2.03978,4.90332
mad_dog,1605073011970,8.23759,7.17847,3.56962
mad_dog,1605073012072,7.17847,7.88455,2.82432
mad_dog,1605073012174,11.14035,3.09890,6.98233
mad_dog,1605073012276,6.39394,9.17902,2.23592
mad_dog,1605073012377,10.43428,3.49117,4.70719
mad_dog,1605073012479,9.41438,5.60940,3.17735
mad_dog,1605073012581,7.13924,8.70831,2.78509
mad_dog,1605073012684,8.19836,7.76687,2.74586
mad_dog,1605073012786,6.82543,8.43372,2.86354
mad_dog,1605073012889,9.57129,6.00167,2.51050
mad_dog,1605073012991,10.23814,2.39282,1.49061
mad_dog,1605073013094,9.21825,4.70719,1.76520
mad_dog,1605073013196,9.96356,5.09946,3.60885
mad_dog,1605073013299,9.96356,4.15802,2.70664
mad_dog,1605073013401,9.72820,4.55029,2.58896
mad_dog,1605073013505,10.27737,5.64863,2.66741
mad_dog,1605073013609,8.82598,4.51106,7.13924
mad_dog,1605073013713,9.84588,5.84476,2.07901
mad_dog,1605073013817,9.21825,5.53095,2.62818
mad_dog,1605073013921,8.39449,6.19780,3.64807
mad_dog,1605073014025,10.35582,3.80498,3.41271
mad_dog,1605073014129,8.78676,3.17735,3.53039
mad_dog,1605073014233,10.19892,3.13813,2.94199
mad_dog,1605073014337,9.80665,3.76575,3.64807
mad_dog,1605073014440,10.59118,3.76575,2.78509
mad_dog,1605073014544,11.53262,4.19725,3.29503
mad_dog,1605073014649,9.96356,2.74586,1.96133
mad_dog,1605073014752,7.96300,6.08012,1.21602
mad_dog,1605073014857,12.08179,2.78509,4.62874
mad_dog,1605073014960,9.17902,4.27570,1.76520
mad_dog,1605073015064,8.74753,4.23647,2.47128
mad_dog,1605073015168,10.94422,3.29503,3.88343
mad_dog,1605073015272,9.53206,3.13813,3.02045
mad_dog,1605073015376,10.23814,3.41271,4.15802
mad_dog,1605073015480,10.00278,2.31437,3.05967
mad_dog,1605073015582,9.21825,3.37349,1.49061
mad_dog,1605073015684,9.84588,3.41271,3.41271
mad_dog,1605073015787,10.98345,2.74586,2.58896
mad_dog,1605073015889,10.04201,2.98122,1.45138
mad_dog,1605073015992,9.61052,5.02100,3.05967
mad_dog,1605073016094,10.23814,5.45250,3.96189
mad_dog,1605073016197,5.37404,4.47183,0.54917
mad_dog,1605073016301,7.33537,7.06079,-1.64752
mad_dog,1605073016405,9.80665,6.98233,2.27514
mad_dog,1605073016508,8.62985,7.25692,1.17680
mad_dog,1605073016610,6.98233,10.55196,-1.17680
mad_dog,1605073016713,7.37460,9.13980,-2.58896
mad_dog,1605073016815,8.23759,7.21769,-3.05967
mad_dog,1605073016917,8.90444,6.19780,-0.74531
mad_dog,1605073017020,10.00278,5.33482,-1.05912
mad_dog,1605073017122,10.08124,5.41327,-1.52984
mad_dog,1605073017226,7.37460,4.66797,-1.76520
mad_dog,1605073017329,9.49284,3.88343,-2.00056
mad_dog,1605073017432,8.51217,6.00167,0.00000
mad_dog,1605073017535,9.17902,3.88343,-2.00056
mad_dog,1605073017638,16.94589,-2.23592,3.53039
mad_dog,1605073017741,9.25748,4.00111,-1.37293
mad_dog,1605073017843,11.68953,2.90277,-1.52984
mad_dog,1605073017946,8.86521,2.15746,-1.84365
mad_dog,1605073018048,11.02267,-0.11768,-0.11768
mad_dog,1605073018151,11.10113,1.52984,-1.64752
mad_dog,1605073018253,11.10113,1.37293,0.31381
mad_dog,1605073018356,10.08124,2.58896,-0.39227
mad_dog,1605073018459,10.43428,2.35360,-1.25525
mad_dog,1605073018561,11.41494,-0.78453,0.43149
mad_dog,1605073018664,8.90444,3.41271,-2.78509
mad_dog,1605073018766,12.00334,1.60829,-1.68674
mad_dog,1605073018869,10.04201,1.01989,-0.27459
mad_dog,1605073018971,10.19892,2.19669,-1.37293
mad_dog,1605073019074,12.08179,0.78453,-0.98067
mad_dog,1605073019176,7.96300,5.60940,-1.45138
mad_dog,1605073019279,9.06134,5.25636,-0.03923
mad_dog,1605073019381,10.15969,5.13868,1.33370
mad_dog,1605073019484,10.27737,3.02045,2.74586
mad_dog,1605073019586,10.70886,-0.70608,0.74531
mad_dog,1605073019689,10.15969,1.45138,0.19613
mad_dog,1605073019792,9.96356,3.96189,1.68674
mad_dog,1605073019894,10.35582,3.41271,2.62818
mad_dog,1605073019997,11.84643,-1.33370,1.52984
mad_dog,1605073020099,11.96411,0.74531,2.58896
mad_dog,1605073020202,10.59118,-0.23536,2.23592
mad_dog,1605073020304,9.61052,2.51050,3.13813
mad_dog,1605073020407,11.33649,2.03978,2.86354
mad_dog,1605073020509,10.94422,2.82432,0.11768
mad_dog,1605073020612,10.00278,2.86354,2.39282
mad_dog,1605073020714,9.96356,0.27459,3.37349
mad_dog,1605073020817,10.15969,0.27459,2.62818
mad_dog,1605073020919,10.15969,0.23536,1.92210
mad_dog,1605073021024,10.19892,0.90221,2.43205
mad_dog,1605073021128,10.90499,1.96133,2.82432
mad_dog,1605073021231,9.88510,2.62818,2.11824
mad_dog,1605073021335,8.94366,4.55029,5.17791
mad_dog,1605073021439,4.04034,10.47350,2.98122
mad_dog,1605073021543,8.78676,5.88399,3.37349
mad_dog,1605073021647,10.51273,3.25581,2.47128
mad_dog,1605073021751,9.64974,4.07957,2.94199
mad_dog,1605073021855,9.84588,4.66797,3.05967
mad_dog,1605073021959,9.61052,4.51106,2.98122
mad_dog,1605073022063,9.76742,4.66797,3.41271
mad_dog,1605073022166,9.92433,4.27570,3.64807
mad_dog,1605073022270,9.84588,4.19725,3.25581
mad_dog,1605073022375,9.76742,2.54973,5.17791
mad_dog,1605073022478,8.74753,1.80442,1.76520
mad_dog,1605073022582,11.02267,0.70608,2.23592
mad_dog,1605073022687,11.02267,0.94144,2.47128
mad_dog,1605073022790,6.70775,2.54973,3.45194
mad_dog,1605073022895,9.41438,0.86299,1.49061
mad_dog,1605073022999,11.76798,0.03923,2.27514
mad_dog,1605073023103,10.12046,1.05912,2.54973
mad_dog,1605073023207,10.47350,0.86299,2.43205
mad_dog,1605073023311,11.33649,3.53039,3.84421
mad_dog,1605073023415,11.14035,0.23536,2.39282
mad_dog,1605073023518,8.70831,3.76575,2.47128
mad_dog,1605073023623,10.98345,0.98067,2.98122
mad_dog,1605073023726,9.92433,2.07901,2.47128
mad_dog,1605073023830,10.59118,2.39282,2.90277
mad_dog,1605073023934,10.23814,2.54973,2.51050
mad_dog,1605073024038,10.15969,2.47128,2.51050
mad_dog,1605073024142,9.29670,3.45194,1.84365
mad_dog,1605073024246,10.04201,1.56906,2.07901
mad_dog,1605073024349,10.15969,2.11824,1.72597
mad_dog,1605073024452,11.68953,2.78509,1.41216
mad_dog,1605073024556,9.57129,5.49172,1.25525
mad_dog,1605073024658,8.82598,5.96244,0.74531
mad_dog,1605073024761,10.70886,4.43261,1.05912
mad_dog,1605073024864,10.82654,4.00111,1.05912
mad_dog,1605073024966,10.08124,2.11824,2.58896
mad_dog,1605073025069,10.94422,1.13757,3.60885
mad_dog,1605073025171,9.29670,4.00111,2.19669
mad_dog,1605073025274,10.00278,5.17791,0.50995
mad_dog,1605073025378,10.47350,5.09946,0.35304
mad_dog,1605073025481,8.47295,5.76631,0.03923
mad_dog,1605073025585,11.57185,1.88288,3.64807
mad_dog,1605073025689,10.78731,-0.54917,4.11879
mad_dog,1605073025793,10.04201,3.02045,1.41216
mad_dog,1605073025897,9.76742,5.13868,0.54917
mad_dog,1605073026001,10.04201,5.80554,0.70608
mad_dog,1605073026106,9.72820,5.29559,1.17680
mad_dog,1605073026210,9.92433,5.06023,1.45138
mad_dog,1605073026312,8.74753,4.78565,1.45138
mad_dog,1605073026415,12.04257,-0.86299,4.35415
mad_dog,1605073026517,9.25748,2.23592,2.43205
mad_dog,1605073026620,10.12046,4.23647,2.11824
mad_dog,1605073026722,10.86577,0.66685,3.13813
mad_dog,1605073026824,10.51273,0.27459,2.54973
mad_dog,1605073026929,9.49284,3.25581,2.39282
mad_dog,1605073027032,9.02212,2.70664,4.15802
mad_dog,1605073027136,11.41494,2.66741,1.49061
mad_dog,1605073027239,9.53206,3.09890,2.11824
mad_dog,1605073027343,10.31660,2.27514,3.80498
mad_dog,1605073027447,10.51273,2.74586,2.39282
mad_dog,1605073027551,10.78731,3.25581,1.72597
mad_dog,1605073027654,10.12046,3.33426,3.25581
mad_dog,1605073027758,10.12046,5.13868,1.64752
mad_dog,1605073027861,10.08124,4.55029,2.19669
mad_dog,1605073027965,10.15969,4.23647,2.39282
mad_dog,1605073028069,10.00278,4.70719,2.54973
mad_dog,1605073028173,9.92433,4.47183,2.39282
mad_dog,1605073028276,9.84588,4.86410,2.15746
mad_dog,1605073028380,10.43428,4.00111,3.76575
mad_dog,1605073028483,10.51273,2.54973,2.78509
mad_dog,1605073028587,9.84588,3.60885,2.11824
mad_dog,1605073028691,10.19892,3.25581,1.49061
mad_dog,1605073028795,10.19892,3.02045,1.72597
mad_dog,1605073028898,10.19892,0.94144,1.41216
mad_dog,1605073029001,10.00278,0.27459,1.09834
mad_dog,1605073029105,10.86577,3.09890,1.52984
mad_dog,1605073029206,3.09890,8.04145,8.62985
mad_dog,1605073029308,7.88455,7.10001,4.98178
mad_dog,1605073029409,8.11991,6.23703,4.27570
mad_dog,1605073029511,7.92377,5.53095,4.74642
mad_dog,1605073029613,13.84699,-3.05967,-0.39227
mad_dog,1605073029714,9.49284,0.66685,1.41216
mad_dog,1605073029816,10.70886,0.15691,2.19669
mad_dog,1605073029919,10.35582,0.31381,2.15746
mad_dog,1605073030021,10.23814,0.47072,2.11824
mad_dog,1605073030123,10.23814,0.90221,2.23592
mad_dog,1605073030226,10.90499,0.58840,1.60829
mad_dog,1605073030328,11.41494,1.05912,4.82487
mad_dog,1605073030431,9.84588,1.37293,1.64752
mad_dog,1605073030533,9.64974,2.00056,4.04034
mad_dog,1605073030635,10.98345,0.19613,2.15746
mad_dog,1605073030736,9.45361,2.03978,2.43205
mad_dog,1605073030838,11.37571,-1.76520,2.35360
mad_dog,1605073030940,9.64974,1.64752,0.78453
mad_dog,1605073031041,9.02212,4.27570,3.13813
mad_dog,1605073031144,11.14035,2.47128,2.62818
mad_dog,1605073031246,9.88510,2.58896,1.68674
mad_dog,1605073031349,9.61052,3.76575,2.82432
mad_dog,1605073031451,11.88566,1.37293,2.86354
mad_dog,1605073031553,9.80665,2.58896,1.80442
mad_dog,1605073031655,10.31660,2.86354,2.51050
mad_dog,1605073031757,11.14035,1.64752,2.70664
mad_dog,1605073031858,9.76742,2.82432,2.43205
mad_dog,1605073031960,4.27570,8.78676,4.86410
mad_dog,1605073032061,11.92489,2.90277,3.25581
mad_dog,1605073032163,9.72820,3.09890,2.11824
mad_dog,1605073032264,9.06134,4.43261,2.62818
mad_dog,1605073032367,10.63041,3.29503,3.56962
mad_dog,1605073032469,10.12046,2.82432,2.94199
mad_dog,1605073032572,9.06134,3.96189,3.02045
mad_dog,1605073032674,11.68953,2.39282,1.01989
mad_dog,1605073032776,9.33593,2.54973,1.84365
mad_dog,1605073032879,10.63041,2.66741,2.27514
mad_dog,1605073032981,10.47350,2.51050,2.23592
mad_dog,1605073033083,6.51162,3.53039,1.92210
mad_dog,1605073033184,14.23926,-1.76520,-3.13813
mad_dog,1605073033286,11.53262,3.33426,2.86354
mad_dog,1605073033387,4.00111,2.39282,-0.35304
mad_dog,1605073033489,13.37627,-1.01989,0.47072
mad_dog,1605073033591,6.74698,5.29559,4.94255
mad_dog,1605073033692,9.02212,3.64807,2.15746
mad_dog,1605073033795,10.66964,2.15746,4.27570
mad_dog,1605073033897,10.08124,1.29448,3.13813
mad_dog,1605073033998,9.29670,1.68674,4.04034
mad_dog,1605073034100,8.55140,2.54973,0.07845
mad_dog,1605073034201,9.41438,4.90332,2.19669
mad_dog,1605073034303,10.39505,3.80498,2.62818
mad_dog,1605073034404,10.86577,1.96133,3.21658
mad_dog,1605073034506,11.92489,1.01989,3.45194
mad_dog,1605073034608,10.15969,0.78453,2.51050
mad_dog,1605073034711,7.02156,3.68730,3.05967
mad_dog,1605073034813,12.31715,0.54917,2.58896
mad_dog,1605073034916,8.19836,2.43205,2.86354
mad_dog,1605073035019,12.19947,0.70608,3.45194
mad_dog,1605073035121,10.19892,1.68674,2.82432
mad_dog,1605073035224,8.19836,2.78509,3.02045
mad_dog,1605073035327,12.12102,0.86299,3.49117
mad_dog,1605073035429,10.00278,1.13757,2.51050
mad_dog,1605073035532,8.70831,3.09890,3.09890
mad_dog,1605073035637,10.66964,2.31437,4.00111
mad_dog,1605073035741,9.64974,2.27514,3.80498
mad_dog,1605073035845,10.39505,1.64752,3.64807
mad_dog,1605073035948,10.15969,1.88288,3.64807
mad_dog,1605073036050,9.76742,2.23592,3.88343
mad_dog,1605073036153,10.15969,1.84365,3.76575
mad_dog,1605073036255,9.84588,1.84365,3.60885
mad_dog,1605073036358,12.78787,0.11768,2.15746
mad_dog,1605073036461,12.23870,3.56962,4.70719
mad_dog,1605073036564,5.06023,2.66741,1.29448
mad_dog,1605073036668,10.78731,3.45194,3.60885
mad_dog,1605073036772,9.49284,2.90277,3.80498
mad_dog,1605073036875,11.76798,1.33370,4.90332
mad_dog,1605073036977,9.13980,2.35360,2.74586
mad_dog,1605073037079,10.31660,3.53039,5.13868
mad_dog,1605073037182,10.35582,4.19725,4.04034
mad_dog,1605073037284,12.12102,2.51050,4.19725
mad_dog,1605073037388,9.25748,2.74586,2.58896
mad_dog,1605073037492,9.68897,3.64807,3.64807
mad_dog,1605073037595,9.76742,3.05967,4.35415
mad_dog,1605073037697,9.45361,3.13813,4.15802
mad_dog,1605073037799,10.19892,2.78509,4.43261
mad_dog,1605073037902,9.72820,3.09890,4.11879
mad_dog,1605073038004,9.92433,4.35415,1.68674
mad_dog,1605073038106,9.33593,5.29559,0.00000
mad_dog,1605073038208,10.08124,4.07957,2.62818
mad_dog,1605073038311,10.12046,0.82376,5.45250
mad_dog,1605073038413,9.64974,2.66741,3.60885
mad_dog,1605073038515,9.57129,2.66741,4.82487
mad_dog,1605073038618,10.23814,1.05912,4.98178
mad_dog,1605073038720,8.08068,3.45194,4.31493
mad_dog,1605073038822,10.00278,2.86354,5.21714
mad_dog,1605073038924,9.21825,1.45138,2.62818
mad_dog,1605073039027,7.45305,3.88343,3.96189
mad_dog,1605073039129,11.53262,1.29448,4.35415
mad_dog,1605073039231,8.23759,2.66741,4.27570
mad_dog,1605073039334,9.06134,3.02045,3.96189
mad_dog,1605073039436,10.39505,1.49061,3.92266
mad_dog,1605073039538,8.62985,2.43205,3.96189
mad_dog,1605073039640,10.00278,2.51050,4.23647
mad_dog,1605073039742,9.96356,2.11824,4.23647
mad_dog,1605073039843,9.45361,2.11824,4.00111
mad_dog,1605073039945,11.02267,1.45138,5.72708
mad_dog,1605073040046,9.33593,4.90332,0.31381
mad_dog,1605073040148,10.63041,3.76575,0.50995
mad_dog,1605073040250,10.04201,4.23647,1.56906
mad_dog,1605073040352,10.23814,3.64807,1.76520
mad_dog,1605073040454,10.51273,3.49117,1.17680
mad_dog,1605073040556,10.63041,3.60885,1.17680
mad_dog,1605073040658,10.47350,3.64807,1.45138
mad_dog,1605073040759,10.63041,3.45194,1.60829
mad_dog,1605073040861,10.27737,3.49117,1.41216
mad_dog,1605073040962,10.12046,3.80498,1.49061
mad_dog,1605073041064,10.43428,3.68730,1.52984
mad_dog,1605073041166,10.27737,3.49117,1.41216
mad_dog,1605073041268,10.08124,2.74586,1.45138
mad_dog,1605073041370,12.94478,-1.92210,8.94366
mad_dog,1605073041473,9.02212,6.66852,-3.09890
mad_dog,1605073041574,10.55196,0.70608,6.35471
mad_dog,1605073041676,9.84588,1.13757,3.60885
mad_dog,1605073041777,10.66964,2.23592,2.66741
mad_dog,1605073041879,9.84588,0.82376,4.51106
mad_dog,1605073041981,10.08124,0.19613,3.76575
mad_dog,1605073042082,9.88510,0.70608,4.11879
mad_dog,1605073042184,9.45361,1.09834,3.84421
mad_dog,1605073042286,10.23814,0.39227,4.98178
mad_dog,1605073042389,10.63041,-1.05912,3.33426
mad_dog,1605073042491,8.82598,1.64752,3.33426
mad_dog,1605073042593,11.49339,-0.54917,4.82487
mad_dog,1605073042694,9.41438,0.62763,3.45194
mad_dog,1605073042796,9.13980,1.68674,2.82432
mad_dog,1605073042898,10.98345,-0.47072,4.07957
mad_dog,1605073042999,8.98289,1.05912,3.05967
mad_dog,1605073043101,8.70831,2.07901,3.96189
mad_dog,1605073043202,10.04201,-0.66685,3.76575
mad_dog,1605073043305,9.45361,0.31381,3.21658
mad_dog,1605073043407,9.92433,0.90221,3.68730
mad_dog,1605073043509,10.12046,0.98067,4.51106
mad_dog,1605073043611,9.72820,1.05912,3.80498
mad_dog,1605073043712,10.00278,1.33370,4.07957
mad_dog,1605073043814,10.00278,1.64752,4.11879
mad_dog,1605073043915,9.57129,1.88288,3.96189
mad_dog,1605073044017,9.88510,1.88288,4.23647
mad_dog,1605073044119,9.80665,2.11824,4.23647
mad_dog,1605073044221,7.88455,3.84421,4.43261
mad_dog,1605073044323,10.04201,1.05912,5.13868
mad_dog,1605073044424,9.33593,2.00056,4.35415
mad_dog,1605073044526,9.96356,2.11824,4.51106
mad_dog,1605073044628,8.43372,2.66741,4.78565
mad_dog,1605073044729,10.35582,0.62763,4.39338
mad_dog,1605073044831,9.61052,1.60829,3.84421
mad_dog,1605073044932,7.17847,4.55029,4.66797
mad_dog,1605073045035,10.19892,0.03923,3.76575
mad_dog,1605073045136,9.25748,1.09834,3.49117
mad_dog,1605073045238,9.80665,0.86299,4.74642
mad_dog,1605073045340,10.31660,-2.15746,2.98122
mad_dog,1605073045441,8.98289,0.54917,3.21658
mad_dog,1605073045543,10.12046,-0.62763,4.15802
mad_dog,1605073045644,9.45361,-0.07845,4.04034
mad_dog,1605073045746,9.57129,0.00000,4.07957
mad_dog,1605073045848,9.88510,0.00000,4.27570
mad_dog,1605073045951,9.64974,0.23536,4.11879
mad_dog,1605073046053,9.68897,0.47072,4.19725
mad_dog,1605073046155,9.80665,0.47072,4.31493
mad_dog,1605073046256,9.64974,0.66685,4.23647
mad_dog,1605073046358,9.29670,0.86299,4.58951
mad_dog,1605073046459,9.45361,0.00000,4.39338
mad_dog,1605073046561,9.41438,0.11768,3.72653
mad_dog,1605073046663,9.72820,0.62763,4.19725
mad_dog,1605073046764,9.80665,0.35304,4.23647
mad_dog,1605073046867,9.76742,0.35304,4.07957
mad_dog,1605073046968,9.76742,1.25525,3.09890
mad_dog,1605073047070,9.02212,-0.98067,7.02156
mad_dog,1605073047171,9.10057,0.94144,4.51106
mad_dog,1605073047273,9.64974,0.07845,5.25636
mad_dog,1605073047374,8.70831,0.62763,4.74642
mad_dog,1605073047476,9.88510,0.19613,6.98233
mad_dog,1605073047578,9.10057,0.58840,5.21714
mad_dog,1605073047680,9.64974,1.96133,3.45194
mad_dog,1605073047783,9.76742,1.01989,4.98178
mad_dog,1605073047884,9.41438,0.98067,5.02100
mad_dog,1605073047986,9.29670,1.21602,4.86410
mad_dog,1605073048087,9.61052,1.21602,4.51106
mad_dog,1605073048189,10.23814,1.09834,4.86410
mad_dog,1605073048291,10.00278,2.74586,1.05912
mad_dog,1605073048392,9.84588,3.64807,2.19669
mad_dog,1605073048494,11.10113,2.54973,3.09890
mad_dog,1605073048596,9.76742,3.02045,3.13813
mad_dog,1605073048698,10.27737,3.37349,1.17680
mad_dog,1605073048800,10.51273,2.62818,2.31437
mad_dog,1605073048901,10.23814,2.74586,2.43205
mad_dog,1605073049003,10.15969,3.17735,1.72597
mad_dog,1605073049104,9.68897,-0.11768,5.92322
mad_dog,1605073049206,9.17902,-0.82376,5.13868
mad_dog,1605073049308,9.45361,-0.58840,4.11879
mad_dog,1605073049410,9.49284,0.11768,4.23647
mad_dog,1605073049512,9.53206,-0.11768,4.70719
mad_dog,1605073049613,9.29670,0.43149,4.78565
mad_dog,1605073049715,10.19892,0.19613,6.04090
mad_dog,1605073049817,9.21825,-0.39227,4.82487
mad_dog,1605073049918,9.49284,-0.47072,4.15802
mad_dog,1605073050020,8.51217,0.66685,5.33482
mad_dog,1605073050121,10.47350,-2.47128,4.39338
mad_dog,1605073050224,8.35527,-0.15691,2.39282
mad_dog,1605073050325,10.59118,-2.70664,4.15802
mad_dog,1605073050427,9.80665,-2.11824,3.72653
mad_dog,1605073050529,9.53206,-0.50995,3.02045
mad_dog,1605073050630,7.53151,6.19780,4.39338
mad_dog,1605073050732,8.90444,2.66741,5.13868
mad_dog,1605073050834,9.53206,2.27514,4.31493
mad_dog,1605073050935,10.39505,1.92210,3.64807
mad_dog,1605073051038,8.98289,1.09834,5.06023
mad_dog,1605073051140,10.35582,2.00056,2.31437
mad_dog,1605073051242,8.04145,2.62818,-0.58840
mad_dog,1605073051344,9.37516,2.62818,2.15746
mad_dog,1605073051445,8.31604,0.47072,2.27514
mad_dog,1605073051547,10.23814,0.66685,4.39338
mad_dog,1605073051649,10.55196,0.62763,5.60940
mad_dog,1605073051750,9.68897,1.68674,4.31493
mad_dog,1605073051852,9.92433,1.37293,4.07957
mad_dog,1605073051953,9.13980,2.15746,3.96189
mad_dog,1605073052056,9.76742,2.11824,4.47183
mad_dog,1605073052158,9.96356,1.68674,4.00111
mad_dog,1605073052259,8.74753,2.90277,3.17735
mad_dog,1605073052361,9.84588,-1.84365,5.96244
mad_dog,1605073052462,10.19892,-1.41216,3.64807
mad_dog,1605073052564,9.13980,-0.39227,3.49117
mad_dog,1605073052666,9.21825,-0.70608,4.55029
mad_dog,1605073052767,9.37516,-2.00056,4.58951
mad_dog,1605073052870,9.21825,-1.96133,3.80498
mad_dog,1605073052972,9.37516,-1.64752,4.04034
mad_dog,1605073053074,8.86521,-0.31381,4.58951
mad_dog,1605073053175,9.76742,-1.64752,4.11879
mad_dog,1605073053277,8.78676,-0.90221,3.92266
mad_dog,1605073053379,9.68897,-1.33370,4.35415
mad_dog,1605073053480,7.92377,-0.35304,5.02100
mad_dog,1605073053582,7.41383,-0.90221,1.21602
mad_dog,1605073053683,8.74753,0.19613,5.25636
mad_dog,1605073053786,10.47350,-2.51050,4.00111
mad_dog,1605073053888,7.88455,0.74531,2.82432
mad_dog,1605073053990,10.00278,-1.64752,4.86410
mad_dog,1605073054093,8.78676,-0.27459,4.23647
mad_dog,1605073054195,9.02212,-0.47072,4.94255
mad_dog,1605073054297,10.00278,-1.13757,4.43261
mad_dog,1605073054400,9.06134,-0.23536,4.31493
mad_dog,1605073054502,9.57129,-0.43149,4.43261
mad_dog,1605073054604,9.68897,-1.09834,4.39338
mad_dog,1605073054706,8.47295,-0.78453,3.64807
mad_dog,1605073054809,9.10057,-2.07901,4.00111
mad_dog,1605073054911,7.60996,0.43149,3.02045
mad_dog,1605073055013,10.86577,-3.88343,4.43261
mad_dog,1605073055116,9.37516,-0.15691,2.78509
mad_dog,1605073055218,9.84588,-2.15746,2.82432
mad_dog,1605073055320,9.21825,-1.01989,2.58896
mad_dog,1605073055422,9.02212,-2.27514,4.00111
mad_dog,1605073055525,8.86521,-1.17680,3.45194
mad_dog,1605073055627,9.96356,-1.56906,3.60885
mad_dog,1605073055729,6.86465,-0.70608,2.62818
mad_dog,1605073055832,10.43428,-3.21658,4.51106
mad_dog,1605073055934,8.55140,-1.17680,3.53039
mad_dog,1605073056036,9.80665,-1.52984,4.43261
mad_dog,1605073056138,9.41438,-0.86299,5.17791
mad_dog,1605073056241,8.78676,-1.41216,4.43261
mad_dog,1605073056343,10.12046,-2.66741,3.80498
mad_dog,1605073056445,9.25748,-1.49061,3.88343
mad_dog,1605073056548,11.06190,-2.07901,4.23647
mad_dog,1605073056650,9.41438,-2.03978,4.00111
mad_dog,1605073056752,8.47295,0.19613,1.29448
mad_dog,1605073056854,11.80721,-2.47128,3.84421
mad_dog,1605073056957,9.49284,0.27459,1.37293
mad_dog,1605073057059,10.31660,-0.98067,1.29448
mad_dog,1605073057161,10.47350,-1.13757,1.88288
mad_dog,1605073057263,9.41438,-1.64752,0.19613
mad_dog,1605073057366,10.04201,0.00000,0.90221
mad_dog,1605073057468,10.15969,0.66685,1.37293
mad_dog,1605073057571,9.80665,-0.03923,2.07901
mad_dog,1605073057672,7.88455,0.66685,-0.98067
mad_dog,1605073057774,8.62985,-3.09890,5.06023
mad_dog,1605073057876,8.94366,-2.66741,4.58951
mad_dog,1605073057977,9.37516,-1.21602,3.84421
mad_dog,1605073058079,10.43428,1.80442,2.90277
mad_dog,1605073058180,10.86577,3.09890,4.74642
mad_dog,1605073058282,10.94422,3.25581,3.96189
mad_dog,1605073058384,11.76798,4.00111,2.94199
mad_dog,1605073058487,11.10113,3.84421,-1.33370
mad_dog,1605073058589,9.29670,1.68674,-0.19613
mad_dog,1605073058690,12.31715,-0.50995,3.05967
mad_dog,1605073058792,8.94366,-3.21658,-1.76520
mad_dog,1605073058893,9.92433,3.25581,3.53039
mad_dog,1605073058995,10.51273,-0.90221,0.66685
mad_dog,1605073059097,9.68897,0.39227,1.41216
mad_dog,1605073059198,10.00278,-0.62763,1.45138
mad_dog,1605073059301,10.70886,-1.13757,0.31381
mad_dog,1605073059402,9.88510,-0.15691,0.23536
mad_dog,1605073059504,10.74809,0.15691,0.15691
mad_dog,1605073059605,10.00278,0.11768,0.15691
mad_dog,1605073059707,9.33593,-0.58840,0.23536
mad_dog,1605073059809,9.21825,-2.35360,2.94199
mad_dog,1605073059910,8.70831,-2.47128,1.33370
mad_dog,1605073060012,10.15969,-1.80442,0.70608
mad_dog,1605073060114,9.49284,-0.98067,-0.43149
mad_dog,1605073060216,11.80721,-0.98067,2.15746
mad_dog,1605073060318,9.13980,2.31437,1.64752
mad_dog,1605073060419,9.53206,2.74586,1.72597
mad_dog,1605073060521,10.08124,0.35304,4.27570
mad_dog,1605073060622,10.47350,-1.84365,4.39338
mad_dog,1605073060724,9.96356,-3.25581,3.09890
mad_dog,1605073060826,9.02212,-0.86299,2.43205
mad_dog,1605073060928,9.76742,-0.90221,3.88343
mad_dog,1605073061031,9.68897,-0.74531,2.27514
mad_dog,1605073061133,9.33593,-1.01989,1.52984
mad_dog,1605073061235,10.55196,-1.29448,2.07901
mad_dog,1605073061337,8.90444,-1.72597,3.17735
mad_dog,1605073061439,8.94366,-2.07901,3.68730
mad_dog,1605073061541,10.12046,-1.96133,2.78509
mad_dog,1605073061642,9.10057,-1.41216,2.15746
mad_dog,1605073061744,9.80665,-1.88288,3.53039
mad_dog,1605073061845,10.12046,-2.39282,3.13813
mad_dog,1605073061947,8.90444,-0.39227,2.19669
mad_dog,1605073062049,11.06190,-1.25525,3.13813
mad_dog,1605073062151,9.72820,-0.47072,2.23592
mad_dog,1605073062253,9.96356,0.19613,2.70664
mad_dog,1605073062354,11.06190,-0.62763,2.78509
mad_dog,1605073062456,10.15969,2.27514,2.19669
mad_dog,1605073062557,10.35582,3.33426,1.45138
mad_dog,1605073062659,10.86577,2.43205,4.00111
mad_dog,1605073062761,9.61052,4.27570,0.54917
mad_dog,1605073062862,10.94422,1.45138,2.47128
mad_dog,1605073062965,10.63041,-0.11768,4.23647
mad_dog,1605073063067,10.27737,0.31381,1.29448
mad_dog,1605073063170,10.19892,-0.27459,2.19669
mad_dog,1605073063272,10.66964,0.47072,0.43149
mad_dog,1605073063374,9.41438,0.50995,1.64752
mad_dog,1605073063476,10.04201,-2.00056,3.49117
mad_dog,1605073063579,11.14035,-1.64752,2.35360
mad_dog,1605073063680,10.23814,0.03923,0.78453
mad_dog,1605073063782,9.76742,-1.05912,2.54973
mad_dog,1605073063884,9.53206,-2.54973,3.84421
mad_dog,1605073063985,9.64974,-1.13757,2.19669
mad_dog,1605073064087,9.21825,-1.41216,1.29448
mad_dog,1605073064188,9.72820,-2.94199,1.80442
mad_dog,1605073064290,9.45361,-1.84365,2.47128
mad_dog,1605073064392,8.31604,-0.15691,3.84421
mad_dog,1605073064494,9.37516,-1.72597,3.72653
mad_dog,1605073064596,9.45361,-2.43205,2.98122
mad_dog,1605073064697,9.68897,-1.84365,3.64807
mad_dog,1605073064799,10.08124,-0.43149,1.13757
mad_dog,1605073064900,9.33593,-1.84365,3.17735
mad_dog,1605073065002,9.06134,-1.13757,2.07901
mad_dog,1605073065104,9.45361,-1.76520,3.80498
mad_dog,1605073065206,9.84588,-1.76520,2.86354
mad_dog,1605073065308,9.25748,-1.33370,3.21658
mad_dog,1605073065409,9.57129,-1.60829,3.37349
mad_dog,1605073065511,9.88510,-1.84365,3.33426
mad_dog,1605073065612,9.92433,0.94144,0.39227
mad_dog,1605073065714,9.64974,-0.35304,3.21658
mad_dog,1605073065816,10.27737,-0.94144,3.25581
mad_dog,1605073065917,10.08124,-0.43149,2.27514
mad_dog,1605073066020,9.45361,-0.58840,3.37349
mad_dog,1605073066122,10.31660,-0.74531,2.94199
mad_dog,1605073066225,9.61052,-0.31381,3.13813
mad_dog,1605073066326,10.31660,-0.35304,3.17735
mad_dog,1605073066428,10.08124,-1.01989,3.02045
mad_dog,1605073066529,9.41438,0.07845,2.74586
mad_dog,1605073066631,13.80776,-0.39227,3.53039
mad_dog,1605073066733,11.41494,-0.19613,2.51050
mad_dog,1605073066834,9.64974,0.43149,2.70664
mad_dog,1605073066936,11.25803,-0.86299,3.68730
mad_dog,1605073067038,10.19892,-0.15691,2.62818
mad_dog,1605073067141,9.53206,0.35304,2.86354
mad_dog,1605073067243,10.15969,-1.49061,3.09890
mad_dog,1605073067345,9.13980,-0.50995,2.07901
mad_dog,1605073067447,10.47350,-0.03923,2.35360
mad_dog,1605073067549,10.39505,-0.03923,2.86354
mad_dog,1605073067650,9.84588,0.35304,3.02045
mad_dog,1605073067752,10.04201,0.58840,3.41271
mad_dog,1605073067853,10.00278,0.23536,3.29503
mad_dog,1605073067955,9.88510,1.56906,2.98122
mad_dog,1605073068057,10.27737,0.35304,3.72653
mad_dog,1605073068159,9.72820,1.29448,3.05967
mad_dog,1605073068261,10.47350,-0.19613,3.45194
mad_dog,1605073068364,9.96356,-1.64752,3.41271
mad_dog,1605073068466,9.21825,1.05912,1.09834
mad_dog,1605073068567,10.35582,0.86299,3.37349
mad_dog,1605073068669,10.04201,1.33370,1.84365
mad_dog,1605073068770,9.92433,0.43149,0.94144
mad_dog,1605073068872,10.94422,-0.11768,1.17680
mad_dog,1605073068973,10.55196,0.23536,1.05912
mad_dog,1605073069075,10.90499,-0.43149,1.96133
mad_dog,1605073069178,10.47350,-1.52984,2.00056
mad_dog,1605073069280,10.12046,0.07845,2.03978
mad_dog,1605073069382,10.47350,-0.82376,2.43205
mad_dog,1605073069484,10.08124,-0.27459,2.03978
mad_dog,1605073069585,9.13980,0.07845,2.58896
mad_dog,1605073069687,11.21881,-2.39282,2.66741
mad_dog,1605073069789,9.84588,-1.25525,2.43205
mad_dog,1605073069890,10.35582,1.01989,2.47128
mad_dog,1605073069992,11.14035,1.64752,3.64807
mad_dog,1605073070093,9.64974,2.07901,3.17735
mad_dog,1605073070196,10.74809,0.94144,2.90277
mad_dog,1605073070298,10.04201,1.56906,3.09890
mad_dog,1605073070399,9.92433,1.60829,3.05967
mad_dog,1605073070501,9.96356,1.37293,3.41271
mad_dog,1605073070602,9.06134,0.86299,3.13813
mad_dog,1605073070704,8.98289,1.13757,2.98122
mad_dog,1605073070805,10.59118,1.37293,2.82432
mad_dog,1605073070907,10.04201,1.29448,2.90277
mad_dog,1605073071010,10.43428,1.37293,2.62818
mad_dog,1605073071112,10.19892,2.00056,2.35360
mad_dog,1605073071214,10.35582,1.76520,2.86354
mad_dog,1605073071316,10.27737,0.94144,3.56962
mad_dog,1605073071418,10.15969,2.00056,2.27514
mad_dog,1605073071519,8.90444,1.05912,3.25581
mad_dog,1605073071621,10.04201,1.72597,1.41216
mad_dog,1605073071722,9.61052,1.88288,2.62818
mad_dog,1605073071824,10.74809,1.21602,3.21658
mad_dog,1605073071926,10.19892,1.21602,2.23592
mad_dog,1605073072028,10.59118,-0.98067,1.76520
mad_dog,1605073072130,10.04201,-0.98067,1.64752
mad_dog,1605073072233,10.43428,-1.17680,1.96133
mad_dog,1605073072335,9.72820,-1.17680,2.11824
mad_dog,1605073072437,10.15969,-1.33370,2.43205
mad_dog,1605073072539,9.88510,-1.41216,2.03978
mad_dog,1605073072640,10.19892,-0.11768,2.00056
mad_dog,1605073072742,9.92433,-0.74531,2.51050
mad_dog,1605073072844,10.12046,-0.98067,1.68674
mad_dog,1605073072945,9.45361,-1.68674,2.51050
mad_dog,1605073073047,9.49284,-1.41216,2.74586
mad_dog,1605073073148,9.76742,-1.37293,3.68730
mad_dog,1605073073251,9.96356,1.33370,3.13813
mad_dog,1605073073352,9.88510,0.86299,1.96133
mad_dog,1605073073454,10.55196,-1.80442,5.76631
mad_dog,1605073073556,9.76742,3.41271,0.03923
mad_dog,1605073073657,9.45361,0.90221,3.80498
mad_dog,1605073073759,10.04201,-0.39227,4.11879
mad_dog,1605073073860,9.84588,1.76520,2.51050
mad_dog,1605073073962,9.45361,1.64752,4.15802
mad_dog,1605073074065,10.27737,1.76520,4.66797
mad_dog,1605073074167,11.06190,1.21602,3.56962
mad_dog,1605073074269,9.61052,3.13813,1.72597
mad_dog,1605073074372,9.72820,3.45194,4.51106
mad_dog,1605073074474,9.96356,2.94199,4.58951
mad_dog,1605073074576,9.10057,3.53039,4.07957
mad_dog,1605073074677,9.13980,4.39338,4.58951
mad_dog,1605073074779,10.35582,3.64807,4.47183
mad_dog,1605073074880,10.19892,4.27570,2.94199
mad_dog,1605073074982,11.02267,6.04090,4.51106
mad_dog,1605073075084,10.70886,5.02100,3.45194
mad_dog,1605073075185,8.78676,5.06023,2.90277
mad_dog,1605073075288,9.02212,6.19780,3.53039
mad_dog,1605073075389,10.23814,5.02100,3.37349
mad_dog,1605073075491,8.62985,5.45250,2.27514
mad_dog,1605073075592,8.23759,6.31548,4.04034
mad_dog,1605073075694,9.92433,3.02045,5.49172
mad_dog,1605073075796,9.17902,2.98122,4.31493
mad_dog,1605073075897,8.59063,3.80498,4.70719
mad_dog,1605073075999,10.08124,1.17680,4.43261
mad_dog,1605073076101,9.96356,0.62763,4.19725
mad_dog,1605073076204,10.55196,0.23536,3.64807
mad_dog,1605073076306,9.96356,1.41216,3.02045
mad_dog,1605073076408,10.08124,2.19669,3.17735
mad_dog,1605073076509,9.96356,2.15746,3.88343
mad_dog,1605073076611,10.15969,2.19669,3.72653
mad_dog,1605073076712,10.19892,2.11824,3.56962
mad_dog,1605073076814,10.19892,2.07901,3.60885
mad_dog,1605073076916,9.92433,1.84365,3.53039
mad_dog,1605073077017,10.31660,1.92210,3.45194
mad_dog,1605073077120,10.15969,2.03978,3.41271
mad_dog,1605073077222,10.55196,1.52984,5.33482
mad_dog,1605073077324,9.37516,4.35415,-1.09834
peace_dog,1605073197590,0.66685,2.03978,10.23814
peace_dog,1605073197692,0.58840,2.03978,10.23814
peace_dog,1605073197794,0.62763,2.03978,10.23814
peace_dog,1605073197895,0.62763,2.07901,10.19892
peace_dog,1605073197997,0.66685,2.03978,10.19892
peace_dog,1605073198099,0.66685,2.07901,10.19892
peace_dog,1605073198201,0.66685,2.11824,10.19892
peace_dog,1605073198304,0.66685,2.03978,10.23814
peace_dog,1605073198406,0.66685,2.03978,10.23814
peace_dog,1605073198509,0.62763,2.11824,10.23814
peace_dog,1605073198611,0.66685,2.03978,10.23814
peace_dog,1605073198713,0.62763,2.03978,10.27737
peace_dog,1605073198816,0.62763,2.11824,10.23814
peace_dog,1605073198918,0.70608,2.07901,10.23814
peace_dog,1605073199021,0.66685,2.03978,10.23814
peace_dog,1605073199123,0.62763,2.03978,10.23814
peace_dog,1605073199225,0.66685,2.11824,10.27737
peace_dog,1605073199328,0.66685,2.07901,10.23814
peace_dog,1605073199430,0.66685,2.07901,10.23814
peace_dog,1605073199532,0.70608,2.03978,10.19892
peace_dog,1605073199635,0.62763,2.03978,10.23814
peace_dog,1605073199737,0.66685,2.03978,10.27737
peace_dog,1605073199840,0.70608,2.00056,10.19892
peace_dog,1605073199942,0.62763,2.03978,10.23814
peace_dog,1605073200045,0.62763,2.03978,10.23814
peace_dog,1605073200147,0.70608,2.03978,10.19892
peace_dog,1605073200249,0.62763,2.07901,10.27737
peace_dog,1605073200352,0.66685,2.11824,10.19892
peace_dog,1605073200454,0.70608,2.11824,10.23814
peace_dog,1605073200556,0.66685,2.07901,10.23814
peace_dog,1605073200659,0.66685,2.03978,10.19892
peace_dog,1605073200761,0.66685,2.03978,10.27737
peace_dog,1605073200864,0.62763,2.07901,10.23814
peace_dog,1605073200966,0.66685,2.03978,10.23814
peace_dog,1605073201069,0.66685,2.07901,10.23814
peace_dog,1605073201171,0.66685,2.03978,10.23814
peace_dog,1605073201273,0.66685,2.00056,10.23814
peace_dog,1605073201376,0.70608,2.03978,10.23814
peace_dog,1605073201478,0.66685,2.11824,10.19892
peace_dog,1605073201580,0.74531,2.07901,10.19892
peace_dog,1605073201683,0.66685,2.03978,10.23814
peace_dog,1605073201785,0.58840,2.00056,10.23814
peace_dog,1605073201888,0.66685,2.07901,10.23814
peace_dog,1605073201990,0.62763,2.07901,10.23814
peace_dog,1605073202092,0.62763,2.03978,10.23814
peace_dog,1605073202195,0.62763,2.03978,10.23814
peace_dog,1605073202297,0.66685,2.11824,10.23814
peace_dog,1605073202400,0.66685,2.07901,10.23814
peace_dog,1605073202502,0.62763,2.11824,10.23814
peace_dog,1605073202605,0.66685,2.00056,10.23814
peace_dog,1605073202707,0.66685,2.00056,10.23814
peace_dog,1605073202809,0.66685,2.11824,10.19892
peace_dog,1605073202911,0.62763,2.03978,10.19892
peace_dog,1605073203013,0.62763,2.00056,10.23814
peace_dog,1605073203114,0.62763,2.03978,10.23814
peace_dog,1605073203216,0.66685,2.07901,10.23814
peace_dog,1605073203317,0.62763,2.07901,10.23814
peace_dog,1605073203419,0.66685,2.11824,10.23814
peace_dog,1605073203520,0.70608,2.03978,10.19892
peace_dog,1605073203623,0.70608,2.03978,10.19892
peace_dog,1605073203725,0.58840,2.00056,10.23814
peace_dog,1605073203828,0.62763,2.00056,10.23814
peace_dog,1605073203930,0.66685,2.03978,10.19892
peace_dog,1605073204033,0.66685,2.07901,10.19892
peace_dog,1605073204135,0.70608,2.00056,10.19892
peace_dog,1605073204238,0.66685,2.07901,10.19892
peace_dog,1605073204340,0.66685,2.03978,10.23814
peace_dog,1605073204443,0.66685,2.03978,10.23814
peace_dog,1605073204545,0.62763,2.07901,10.27737
peace_dog,1605073204648,0.62763,2.03978,10.19892
peace_dog,1605073204750,0.66685,2.07901,10.23814
peace_dog,1605073204854,0.66685,2.03978,10.31660
peace_dog,1605073204958,0.62763,2.07901,10.27737
peace_dog,1605073205062,0.70608,2.11824,10.23814
peace_dog,1605073205166,0.62763,2.00056,10.23814
peace_dog,1605073205269,0.66685,2.07901,10.23814
peace_dog,1605073205373,0.62763,2.03978,10.23814
peace_dog,1605073205477,0.62763,2.11824,10.27737
peace_dog,1605073205581,0.70608,2.00056,10.19892
peace_dog,1605073205685,0.62763,2.03978,10.23814
peace_dog,1605073205788,0.62763,2.07901,10.19892
peace_dog,1605073205892,0.66685,2.03978,10.23814
peace_dog,1605073205996,0.66685,2.07901,10.23814
peace_dog,1605073206100,0.62763,2.11824,10.23814
peace_dog,1605073206204,0.70608,2.07901,10.19892
peace_dog,1605073206308,0.66685,2.03978,10.19892
peace_dog,1605073206411,0.62763,2.07901,10.23814
peace_dog,1605073206515,0.62763,2.07901,10.23814
peace_dog,1605073206619,0.66685,2.07901,10.23814
peace_dog,1605073206723,0.66685,2.07901,10.23814
peace_dog,1605073206826,0.62763,2.03978,10.23814
peace_dog,1605073206930,0.62763,2.07901,10.23814
peace_dog,1605073207034,0.62763,2.07901,10.23814
peace_dog,1605073207138,0.66685,2.07901,10.23814
peace_dog,1605073207242,0.62763,2.07901,10.27737
peace_dog,1605073207345,0.66685,2.03978,10.23814
peace_dog,1605073207449,0.66685,2.07901,10.23814
peace_dog,1605073207553,0.62763,2.03978,10.27737
peace_dog,1605073207657,0.66685,2.00056,10.23814
peace_dog,1605073207761,0.62763,2.11824,10.23814
peace_dog,1605073207865,0.62763,2.07901,10.27737
peace_dog,1605073207969,0.62763,2.00056,10.23814
peace_dog,1605073208072,0.62763,2.07901,10.19892
peace_dog,1605073208176,0.62763,2.00056,10.23814
peace_dog,1605073208279,0.62763,2.07901,10.23814
peace_dog,1605073208382,0.70608,2.11824,10.23814
peace_dog,1605073208485,0.66685,2.00056,10.23814
peace_dog,1605073208588,0.62763,2.00056,10.19892
peace_dog,1605073208691,0.66685,2.07901,10.19892
peace_dog,1605073208793,0.62763,2.07901,10.23814
peace_dog,1605073208896,0.62763,2.03978,10.23814
peace_dog,1605073208998,0.62763,2.07901,10.23814
peace_dog,1605073209101,0.62763,2.11824,10.19892
peace_dog,1605073209203,0.62763,2.03978,10.23814
peace_dog,1605073209306,0.66685,2.03978,10.19892
peace_dog,1605073209408,0.62763,2.03978,10.27737
peace_dog,1605073209511,0.62763,2.07901,10.23814
peace_dog,1605073209613,0.66685,2.00056,10.27737
peace_dog,1605073209716,0.66685,2.07901,10.19892
peace_dog,1605073209818,0.66685,2.07901,10.23814
peace_dog,1605073209921,0.66685,2.11824,10.27737
peace_dog,1605073210023,0.66685,2.03978,10.23814
peace_dog,1605073210126,0.66685,2.11824,10.23814
peace_dog,1605073210228,0.62763,2.03978,10.19892
peace_dog,1605073210331,0.62763,2.07901,10.23814
peace_dog,1605073210434,0.66685,2.03978,10.19892
peace_dog,1605073210536,0.66685,2.00056,10.19892
peace_dog,1605073210638,0.66685,2.07901,10.27737
peace_dog,1605073210741,0.62763,2.03978,10.27737
peace_dog,1605073210843,0.66685,2.07901,10.23814
peace_dog,1605073210946,0.66685,2.07901,10.23814
peace_dog,1605073211049,0.66685,2.07901,10.23814
peace_dog,1605073211151,0.66685,2.00056,10.31660
peace_dog,1605073211254,0.62763,2.03978,10.23814
peace_dog,1605073211357,0.66685,2.03978,10.19892
peace_dog,1605073211461,0.62763,2.07901,10.23814
peace_dog,1605073211565,0.66685,2.07901,10.23814
peace_dog,1605073211669,0.62763,2.03978,10.19892
peace_dog,1605073211773,0.66685,2.03978,10.23814
peace_dog,1605073211876,0.62763,2.03978,10.23814
peace_dog,1605073211980,0.62763,2.07901,10.23814
peace_dog,1605073212084,0.66685,2.03978,10.23814
peace_dog,1605073212188,0.62763,2.07901,10.23814
peace_dog,1605073212292,0.62763,2.07901,10.27737
peace_dog,1605073212395,0.66685,2.03978,10.23814
peace_dog,1605073212499,0.66685,2.00056,10.23814
peace_dog,1605073212603,0.66685,2.03978,10.23814
peace_dog,1605073212707,0.62763,2.07901,10.23814
peace_dog,1605073212811,0.66685,2.11824,10.19892
peace_dog,1605073212914,0.62763,2.03978,10.19892
peace_dog,1605073213018,0.62763,2.07901,10.23814
peace_dog,1605073213122,0.66685,2.07901,10.19892
peace_dog,1605073213226,0.70608,2.03978,10.23814
peace_dog,1605073213329,0.62763,2.07901,10.19892
peace_dog,1605073213434,0.62763,2.03978,10.23814
peace_dog,1605073213537,0.66685,2.07901,10.23814
peace_dog,1605073213641,0.66685,2.07901,10.23814
peace_dog,1605073213745,0.62763,2.03978,10.19892
peace_dog,1605073213848,0.62763,2.07901,10.19892
peace_dog,1605073213952,0.66685,2.11824,10.23814
peace_dog,1605073214056,0.62763,2.07901,10.23814
peace_dog,1605073214159,0.62763,2.07901,10.23814
peace_dog,1605073214264,0.62763,2.03978,10.23814
peace_dog,1605073214368,0.62763,2.03978,10.19892
peace_dog,1605073214471,0.62763,2.03978,10.23814
peace_dog,1605073214575,0.66685,2.00056,10.23814
peace_dog,1605073214678,0.62763,2.03978,10.27737
peace_dog,1605073214781,0.62763,2.03978,10.19892
peace_dog,1605073214884,0.62763,2.03978,10.23814
peace_dog,1605073214986,0.62763,2.07901,10.23814
peace_dog,1605073215088,0.66685,1.96133,10.23814
peace_dog,1605073215191,0.70608,2.03978,10.19892
peace_dog,1605073215294,0.66685,2.03978,10.23814
peace_dog,1605073215396,0.62763,2.07901,10.23814
peace_dog,1605073215499,0.66685,2.00056,10.23814
peace_dog,1605073215601,0.62763,2.00056,10.23814
peace_dog,1605073215705,0.62763,2.15746,10.19892
peace_dog,1605073215809,0.66685,2.07901,10.23814
peace_dog,1605073215913,0.58840,2.07901,10.27737
peace_dog,1605073216017,0.62763,2.07901,10.23814
peace_dog,1605073216121,0.62763,2.03978,10.23814
peace_dog,1605073216225,0.62763,2.03978,10.27737
peace_dog,1605073216329,0.62763,2.11824,10.27737
peace_dog,1605073216433,0.62763,2.03978,10.27737
peace_dog,1605073216536,0.66685,2.00056,10.23814
peace_dog,1605073216640,0.62763,2.07901,10.23814
peace_dog,1605073216744,0.62763,2.03978,10.23814
peace_dog,1605073216848,0.62763,2.07901,10.23814
peace_dog,1605073216952,0.62763,2.07901,10.27737
peace_dog,1605073217056,0.62763,2.07901,10.23814
peace_dog,1605073217160,0.62763,2.03978,10.19892
peace_dog,1605073217263,0.70608,2.07901,10.23814
peace_dog,1605073217367,0.66685,2.07901,10.23814
peace_dog,1605073217471,0.62763,2.03978,10.23814
peace_dog,1605073217575,0.62763,2.03978,10.19892
peace_dog,1605073217678,0.62763,2.07901,10.23814
peace_dog,1605073217782,0.62763,2.07901,10.23814
peace_dog,1605073217886,0.62763,2.03978,10.23814
peace_dog,1605073217990,0.66685,2.07901,10.23814
peace_dog,1605073218093,0.66685,2.03978,10.23814
peace_dog,1605073218196,0.62763,2.11824,10.19892
peace_dog,1605073218298,0.66685,2.00056,10.23814
peace_dog,1605073218401,0.66685,2.07901,10.19892
peace_dog,1605073218503,0.62763,2.07901,10.23814
peace_dog,1605073218605,0.62763,2.03978,10.23814
peace_dog,1605073218708,0.66685,2.07901,10.23814
peace_dog,1605073218810,0.66685,2.03978,10.23814
peace_dog,1605073218913,0.58840,2.00056,10.23814
peace_dog,1605073219015,0.66685,2.07901,10.19892
peace_dog,1605073219118,0.66685,2.07901,10.23814
peace_dog,1605073219220,0.62763,2.07901,10.23814
peace_dog,1605073219323,0.62763,2.07901,10.23814
peace_dog,1605073219425,0.66685,2.07901,10.19892
peace_dog,1605073219528,0.66685,2.07901,10.23814
peace_dog,1605073219630,0.66685,2.07901,10.19892
peace_dog,1605073219733,0.66685,2.07901,10.19892
peace_dog,1605073219837,0.62763,2.03978,10.23814
peace_dog,1605073219941,0.62763,2.03978,10.23814
peace_dog,1605073220045,0.66685,2.03978,10.23814
peace_dog,1605073220149,0.62763,2.07901,10.19892
peace_dog,1605073220253,0.66685,2.03978,10.27737
peace_dog,1605073220357,0.62763,2.11824,10.27737
peace_dog,1605073220461,0.66685,2.07901,10.23814
peace_dog,1605073220565,0.66685,2.03978,10.27737
peace_dog,1605073220669,0.62763,2.11824,10.23814
peace_dog,1605073220773,0.58840,2.07901,10.23814
peace_dog,1605073220877,0.58840,2.03978,10.27737
peace_dog,1605073220981,0.58840,2.03978,10.23814
peace_dog,1605073221085,0.62763,2.03978,10.19892
peace_dog,1605073221189,0.62763,2.03978,10.19892
peace_dog,1605073221293,0.62763,2.03978,10.27737
peace_dog,1605073221397,0.66685,2.03978,10.23814
peace_dog,1605073221500,0.66685,2.07901,10.27737
peace_dog,1605073221604,0.66685,2.15746,10.19892
peace_dog,1605073221708,0.62763,2.07901,10.19892
peace_dog,1605073221812,0.66685,2.00056,10.19892
peace_dog,1605073221916,0.62763,2.07901,10.23814
peace_dog,1605073222021,0.58840,2.00056,10.19892
peace_dog,1605073222124,0.62763,2.03978,10.19892
peace_dog,1605073222229,0.62763,2.03978,10.19892
peace_dog,1605073222333,0.62763,2.00056,10.19892
peace_dog,1605073222437,0.66685,2.03978,10.23814
peace_dog,1605073222541,0.62763,2.07901,10.23814
peace_dog,1605073222645,0.62763,1.96133,10.23814
peace_dog,1605073222749,0.62763,2.11824,10.19892
peace_dog,1605073222852,0.70608,2.03978,10.19892
peace_dog,1605073222956,0.62763,2.03978,10.19892
peace_dog,1605073223059,0.66685,2.07901,10.19892
peace_dog,1605073223162,0.62763,2.03978,10.19892
peace_dog,1605073223264,0.66685,2.07901,10.27737
peace_dog,1605073223367,0.62763,2.03978,10.23814
peace_dog,1605073223469,0.62763,2.11824,10.23814
peace_dog,1605073223572,0.66685,2.07901,10.23814
peace_dog,1605073223674,0.62763,2.11824,10.23814
peace_dog,1605073223777,0.62763,2.03978,10.27737
peace_dog,1605073223879,0.62763,2.03978,10.23814
peace_dog,1605073223982,0.66685,2.03978,10.23814
peace_dog,1605073224084,0.62763,2.03978,10.15969
peace_dog,1605073224186,0.62763,2.07901,10.27737
peace_dog,1605073224289,0.62763,2.11824,10.19892
peace_dog,1605073224391,0.66685,2.07901,10.23814
peace_dog,1605073224494,0.62763,2.07901,10.23814
peace_dog,1605073224596,0.66685,2.03978,10.23814
peace_dog,1605073224699,0.58840,2.03978,10.23814
peace_dog,1605073224801,0.62763,2.11824,10.23814
peace_dog,1605073224904,0.62763,2.07901,10.19892
peace_dog,1605073225006,0.62763,2.11824,10.23814
peace_dog,1605073225110,0.66685,2.03978,10.23814
peace_dog,1605073225214,0.66685,2.00056,10.23814
peace_dog,1605073225318,0.62763,2.03978,10.19892
peace_dog,1605073225422,0.62763,2.11824,10.23814
peace_dog,1605073225526,0.62763,2.07901,10.23814
peace_dog,1605073225630,0.62763,2.03978,10.27737
peace_dog,1605073225734,0.62763,2.00056,10.23814
peace_dog,1605073225837,0.66685,2.03978,10.19892
peace_dog,1605073225941,0.62763,2.11824,10.19892
peace_dog,1605073226045,0.62763,2.03978,10.23814
peace_dog,1605073226149,0.66685,2.07901,10.23814
peace_dog,1605073226253,0.62763,2.07901,10.23814
peace_dog,1605073226357,0.66685,1.96133,10.27737
peace_dog,1605073226461,0.66685,2.07901,10.23814
peace_dog,1605073226565,0.62763,2.03978,10.23814
peace_dog,1605073226669,0.62763,2.07901,10.27737
peace_dog,1605073226773,0.62763,2.03978,10.19892
peace_dog,1605073226877,0.62763,2.07901,10.23814
peace_dog,1605073226981,0.62763,2.07901,10.23814
peace_dog,1605073227084,0.58840,2.03978,10.19892
peace_dog,1605073227189,0.58840,2.07901,10.23814
peace_dog,1605073227292,0.66685,2.03978,10.23814
peace_dog,1605073227396,0.62763,2.11824,10.23814
peace_dog,1605073227500,0.58840,2.11824,10.23814
peace_dog,1605073227604,0.66685,2.07901,10.23814
peace_dog,1605073227708,0.62763,2.03978,10.19892
peace_dog,1605073227812,0.62763,2.07901,10.19892
peace_dog,1605073227915,0.66685,2.03978,10.23814
peace_dog,1605073228019,0.66685,2.00056,10.23814
peace_dog,1605073228123,0.58840,2.03978,10.23814
peace_dog,1605073228227,0.62763,2.03978,10.23814
peace_dog,1605073228331,0.62763,2.07901,10.27737
peace_dog,1605073228434,0.62763,2.03978,10.23814
peace_dog,1605073228537,0.62763,2.03978,10.19892
peace_dog,1605073228640,0.58840,1.96133,10.19892
peace_dog,1605073228742,0.62763,1.96133,10.19892
peace_dog,1605073228846,0.66685,2.00056,10.23814
peace_dog,1605073228950,0.62763,2.11824,10.19892
peace_dog,1605073229054,0.66685,2.03978,10.23814
peace_dog,1605073229158,0.66685,2.07901,10.19892
peace_dog,1605073229262,0.58840,2.07901,10.27737
peace_dog,1605073229366,0.62763,2.03978,10.23814
peace_dog,1605073229470,0.62763,2.07901,10.27737
peace_dog,1605073229573,0.58840,2.03978,10.27737
peace_dog,1605073229677,0.62763,2.03978,10.19892
peace_dog,1605073229781,0.62763,2.07901,10.19892
peace_dog,1605073229885,0.62763,2.03978,10.23814
peace_dog,1605073229989,0.62763,2.03978,10.19892
peace_dog,1605073230093,0.62763,2.03978,10.27737
peace_dog,1605073230197,0.62763,2.03978,10.23814
peace_dog,1605073230302,0.58840,2.03978,10.15969
peace_dog,1605073230405,0.62763,2.03978,10.23814
peace_dog,1605073230509,0.62763,2.03978,10.27737
peace_dog,1605073230613,0.66685,2.07901,10.23814
peace_dog,1605073230717,0.58840,2.00056,10.23814
peace_dog,1605073230821,0.58840,2.03978,10.19892
peace_dog,1605073230925,0.62763,2.00056,10.23814
peace_dog,1605073231029,0.66685,2.03978,10.23814
peace_dog,1605073231133,0.66685,2.03978,10.23814
peace_dog,1605073231236,0.62763,2.00056,10.23814
peace_dog,1605073231340,0.62763,2.03978,10.19892
peace_dog,1605073231444,0.62763,2.03978,10.23814
peace_dog,1605073231548,0.66685,2.03978,10.27737
peace_dog,1605073231652,0.62763,2.03978,10.23814
peace_dog,1605073231756,0.62763,2.07901,10.23814
peace_dog,1605073231860,0.58840,2.07901,10.23814
peace_dog,1605073231964,0.62763,2.11824,10.23814
peace_dog,1605073232068,0.62763,2.03978,10.23814
peace_dog,1605073232172,0.58840,2.03978,10.23814
peace_dog,1605073232275,0.62763,2.03978,10.23814
peace_dog,1605073232377,0.62763,2.03978,10.23814
peace_dog,1605073232479,0.58840,2.03978,10.23814
peace_dog,1605073232580,0.66685,2.11824,10.23814
peace_dog,1605073232682,0.62763,2.00056,10.19892
peace_dog,1605073232783,0.62763,2.03978,10.23814
peace_dog,1605073232885,0.66685,2.07901,10.19892
peace_dog,1605073232986,0.66685,2.00056,10.19892
peace_dog,1605073233089,0.62763,2.03978,10.23814
peace_dog,1605073233192,0.66685,2.07901,10.19892
peace_dog,1605073233294,0.62763,2.07901,10.19892
peace_dog,1605073233397,0.62763,2.03978,10.23814
peace_dog,1605073233499,0.66685,2.00056,10.23814
peace_dog,1605073233601,0.58840,2.07901,10.23814
peace_dog,1605073233702,0.66685,2.00056,10.19892
peace_dog,1605073233804,0.62763,2.07901,10.23814
peace_dog,1605073233906,0.62763,2.07901,10.19892
peace_dog,1605073234007,0.62763,2.07901,10.23814
peace_dog,1605073234109,0.58840,2.03978,10.27737
peace_dog,1605073234210,0.66685,2.03978,10.27737
peace_dog,1605073234313,0.62763,2.03978,10.19892
peace_dog,1605073234416,0.66685,2.00056,10.19892
peace_dog,1605073234520,0.62763,2.03978,10.23814
peace_dog,1605073234624,0.62763,2.07901,10.19892
peace_dog,1605073234728,0.62763,2.00056,10.19892
peace_dog,1605073234831,0.66685,2.11824,10.23814
peace_dog,1605073234935,0.62763,2.07901,10.19892
peace_dog,1605073235037,0.66685,2.07901,10.23814
peace_dog,1605073235140,0.66685,2.03978,10.19892
peace_dog,1605073235242,0.62763,2.07901,10.23814
peace_dog,1605073235345,0.62763,2.03978,10.23814
peace_dog,1605073235447,0.62763,2.07901,10.27737
peace_dog,1605073235550,0.66685,2.07901,10.19892
peace_dog,1605073235652,0.62763,2.07901,10.23814
peace_dog,1605073235755,0.54917,2.07901,10.23814
peace_dog,1605073235857,0.62763,2.03978,10.23814
peace_dog,1605073235960,0.62763,2.11824,10.23814
peace_dog,1605073236062,0.62763,2.07901,10.23814
peace_dog,1605073236165,0.62763,2.00056,10.19892
peace_dog,1605073236268,0.62763,2.07901,10.23814
peace_dog,1605073236370,0.62763,2.03978,10.19892
peace_dog,1605073236473,0.62763,2.07901,10.23814
peace_dog,1605073236575,0.62763,2.03978,10.23814
peace_dog,1605073236678,0.62763,2.07901,10.23814
peace_dog,1605073236780,0.58840,2.03978,10.19892
peace_dog,1605073236883,0.58840,2.07901,10.27737
peace_dog,1605073236985,0.62763,2.03978,10.23814
peace_dog,1605073237088,0.62763,2.03978,10.27737
peace_dog,1605073237191,0.66685,2.07901,10.19892
peace_dog,1605073237293,0.62763,2.07901,10.23814
peace_dog,1605073237396,0.66685,2.00056,10.23814
peace_dog,1605073237498,0.62763,2.00056,10.27737
peace_dog,1605073237601,0.66685,2.03978,10.23814
peace_dog,1605073237704,0.62763,2.03978,10.23814
peace_dog,1605073237807,0.62763,2.03978,10.27737
peace_dog,1605073237910,0.62763,2.07901,10.23814
peace_dog,1605073238012,0.66685,2.07901,10.23814
peace_dog,1605073238115,0.62763,2.07901,10.23814
peace_dog,1605073238217,0.62763,2.03978,10.23814
peace_dog,1605073238320,0.66685,2.07901,10.23814
peace_dog,1605073238422,0.62763,2.00056,10.23814
peace_dog,1605073238525,0.62763,2.03978,10.23814
peace_dog,1605073238629,0.70608,2.07901,10.19892
peace_dog,1605073238733,0.62763,2.03978,10.27737
peace_dog,1605073238836,0.58840,2.00056,10.23814
peace_dog,1605073238941,0.62763,2.11824,10.23814
peace_dog,1605073239044,0.62763,2.11824,10.19892
peace_dog,1605073239148,0.62763,2.07901,10.19892
peace_dog,1605073239252,0.66685,2.03978,10.23814
peace_dog,1605073239356,0.62763,2.03978,10.19892
peace_dog,1605073239460,0.62763,2.07901,10.23814
peace_dog,1605073239564,0.58840,2.00056,10.23814
peace_dog,1605073239668,0.58840,2.07901,10.23814
peace_dog,1605073239772,0.62763,2.07901,10.23814
peace_dog,1605073239876,0.66685,2.03978,10.19892
peace_dog,1605073239980,0.62763,2.03978,10.19892
peace_dog,1605073240084,0.62763,2.07901,10.23814
peace_dog,1605073240188,0.62763,2.07901,10.19892
peace_dog,1605073240292,0.62763,2.07901,10.19892
peace_dog,1605073240394,0.58840,2.03978,10.27737
peace_dog,1605073240497,0.58840,2.07901,10.23814
peace_dog,1605073240599,0.58840,2.03978,10.19892
peace_dog,1605073240702,0.62763,2.07901,10.23814
peace_dog,1605073240804,0.62763,2.07901,10.23814
peace_dog,1605073240907,0.62763,2.03978,10.23814
peace_dog,1605073241009,0.58840,2.11824,10.23814
peace_dog,1605073241114,0.62763,2.07901,10.23814
peace_dog,1605073241217,0.70608,2.03978,10.15969
peace_dog,1605073241321,0.62763,2.03978,10.23814
peace_dog,1605073241425,0.66685,2.03978,10.19892
peace_dog,1605073241529,0.62763,2.03978,10.19892
peace_dog,1605073241633,0.66685,2.07901,10.27737
peace_dog,1605073241737,0.58840,2.03978,10.19892
peace_dog,1605073241841,0.58840,2.03978,10.23814
peace_dog,1605073241943,0.66685,2.11824,10.23814
peace_dog,1605073242047,0.58840,2.07901,10.27737
peace_dog,1605073242151,0.58840,2.11824,10.23814
peace_dog,1605073242255,0.58840,2.07901,10.23814
peace_dog,1605073242359,0.62763,2.03978,10.23814
peace_dog,1605073242463,0.62763,2.03978,10.23814
peace_dog,1605073242567,0.62763,2.07901,10.19892
peace_dog,1605073242671,0.62763,2.03978,10.27737
peace_dog,1605073242775,0.62763,2.07901,10.23814
peace_dog,1605073242879,0.62763,2.07901,10.23814
peace_dog,1605073242984,0.62763,2.11824,10.19892
peace_dog,1605073243088,0.66685,2.07901,10.27737
peace_dog,1605073243192,0.58840,2.11824,10.23814
peace_dog,1605073243296,0.66685,2.07901,10.23814
peace_dog,1605073243401,0.62763,2.03978,10.15969
peace_dog,1605073243504,0.62763,2.03978,10.19892
peace_dog,1605073243608,0.62763,2.11824,10.23814
peace_dog,1605073243713,0.62763,2.11824,10.23814
peace_dog,1605073243816,0.62763,2.00056,10.23814
peace_dog,1605073243921,0.62763,2.07901,10.23814
peace_dog,1605073244024,0.62763,2.00056,10.23814
peace_dog,1605073244129,0.66685,2.00056,10.23814
peace_dog,1605073244233,0.62763,2.07901,10.23814
peace_dog,1605073244336,0.62763,2.07901,10.23814
peace_dog,1605073244441,0.62763,2.03978,10.23814
peace_dog,1605073244545,0.58840,2.03978,10.23814
peace_dog,1605073244649,0.58840,2.11824,10.23814
peace_dog,1605073244753,0.58840,2.03978,10.23814
peace_dog,1605073244857,0.62763,2.03978,10.19892
peace_dog,1605073244961,0.62763,2.07901,10.23814
peace_dog,1605073245066,0.62763,2.00056,10.23814
peace_dog,1605073245170,0.66685,2.03978,10.23814
peace_dog,1605073245273,0.62763,2.11824,10.27737
peace_dog,1605073245377,0.58840,2.07901,10.23814
peace_dog,1605073245479,0.58840,2.00056,10.19892
peace_dog,1605073245581,0.66685,2.00056,10.23814
peace_dog,1605073245682,0.58840,2.00056,10.19892
peace_dog,1605073245784,0.62763,2.00056,10.23814
peace_dog,1605073245885,0.66685,2.07901,10.15969
peace_dog,1605073245987,0.66685,2.03978,10.19892
peace_dog,1605073246088,0.58840,2.00056,10.27737
peace_dog,1605073246192,0.62763,2.07901,10.19892
peace_dog,1605073246294,0.66685,2.07901,10.27737
peace_dog,1605073246397,0.62763,2.07901,10.23814
peace_dog,1605073246499,0.58840,2.03978,10.23814
peace_dog,1605073246602,0.58840,2.03978,10.23814
peace_dog,1605073246704,0.70608,2.00056,10.19892
peace_dog,1605073246807,0.66685,2.07901,10.19892
peace_dog,1605073246910,0.58840,2.11824,10.23814
peace_dog,1605073247012,0.62763,2.00056,10.23814
peace_dog,1605073247115,0.66685,2.11824,10.19892
peace_dog,1605073247217,0.62763,2.03978,10.31660
peace_dog,1605073247320,0.62763,2.03978,10.19892
peace_dog,1605073247422,0.62763,2.07901,10.23814
peace_dog,1605073247525,0.62763,2.07901,10.27737
peace_dog,1605073247628,0.66685,2.11824,10.19892
peace_dog,1605073247730,0.58840,2.03978,10.27737
peace_dog,1605073247832,0.58840,2.03978,10.27737
peace_dog,1605073247935,0.58840,2.03978,10.23814
peace_dog,1605073248039,0.62763,2.07901,10.23814
peace_dog,1605073248143,0.62763,2.07901,10.23814
peace_dog,1605073248247,0.58840,2.03978,10.19892
peace_dog,1605073248351,0.58840,2.07901,10.27737
peace_dog,1605073248455,0.58840,2.03978,10.23814
peace_dog,1605073248559,0.58840,2.03978,10.23814
peace_dog,1605073248663,0.62763,2.07901,10.19892
peace_dog,1605073248767,0.62763,2.03978,10.19892
peace_dog,1605073248870,0.66685,2.03978,10.23814
peace_dog,1605073248975,0.58840,2.03978,10.19892
peace_dog,1605073249079,0.58840,2.03978,10.23814
peace_dog,1605073249182,0.62763,2.03978,10.23814
peace_dog,1605073249287,0.66685,2.00056,10.23814
peace_dog,1605073249391,0.58840,2.07901,10.23814
peace_dog,1605073249493,0.62763,1.96133,10.19892
peace_dog,1605073249596,0.58840,2.03978,10.23814
peace_dog,1605073249697,0.62763,1.96133,10.19892
peace_dog,1605073249799,0.62763,2.03978,10.19892
peace_dog,1605073249900,0.62763,2.03978,10.23814
peace_dog,1605073250002,0.54917,2.03978,10.27737
peace_dog,1605073250104,0.62763,2.07901,10.27737
peace_dog,1605073250206,0.62763,2.07901,10.23814
peace_dog,1605073250308,0.58840,2.07901,10.23814
peace_dog,1605073250410,0.62763,2.07901,10.23814
peace_dog,1605073250513,0.62763,2.11824,10.19892
peace_dog,1605073250615,0.66685,2.03978,10.15969
peace_dog,1605073250717,0.62763,2.03978,10.23814
peace_dog,1605073250819,0.62763,2.07901,10.19892
peace_dog,1605073250922,0.58840,2.07901,10.23814
peace_dog,1605073251025,0.66685,2.03978,10.19892
peace_dog,1605073251129,0.62763,2.11824,10.23814
peace_dog,1605073251233,0.58840,2.03978,10.23814
peace_dog,1605073251337,0.66685,2.07901,10.23814
peace_dog,1605073251440,0.62763,2.07901,10.19892
peace_dog,1605073251542,0.54917,2.07901,10.23814
peace_dog,1605073251644,0.62763,2.00056,10.31660
peace_dog,1605073251746,0.62763,2.11824,10.19892
peace_dog,1605073251847,0.58840,2.03978,10.23814
peace_dog,1605073251949,0.62763,2.00056,10.27737
peace_dog,1605073252050,0.62763,2.07901,10.19892
peace_dog,1605073252152,0.54917,2.07901,10.23814
peace_dog,1605073252254,0.62763,2.03978,10.19892
peace_dog,1605073252356,0.62763,2.00056,10.23814
peace_dog,1605073252458,0.66685,2.03978,10.23814
peace_dog,1605073252561,0.62763,2.03978,10.19892
peace_dog,1605073252663,0.62763,2.11824,10.19892
peace_dog,1605073252766,0.62763,2.07901,10.23814
peace_dog,1605073252868,0.62763,1.96133,10.27737
peace_dog,1605073252970,0.62763,2.00056,10.23814
peace_dog,1605073253074,0.66685,2.03978,10.19892
peace_dog,1605073253178,0.66685,2.11824,10.15969
peace_dog,1605073253281,0.62763,2.03978,10.23814
peace_dog,1605073253385,0.62763,2.03978,10.19892
peace_dog,1605073253489,0.62763,2.07901,10.23814
peace_dog,1605073253592,0.62763,2.07901,10.27737
peace_dog,1605073253695,0.58840,2.11824,10.23814
peace_dog,1605073253798,0.62763,2.00056,10.23814
peace_dog,1605073253899,0.62763,2.07901,10.19892
peace_dog,1605073254001,0.58840,2.00056,10.23814
peace_dog,1605073254102,0.66685,2.07901,10.23814
peace_dog,1605073254204,0.62763,2.11824,10.19892
peace_dog,1605073254306,0.66685,2.03978,10.23814
peace_dog,1605073254407,0.66685,2.03978,10.19892
peace_dog,1605073254509,0.62763,2.07901,10.23814
peace_dog,1605073254612,0.66685,2.07901,10.23814
peace_dog,1605073254713,0.58840,2.07901,10.23814
peace_dog,1605073254815,0.54917,2.00056,10.27737
peace_dog,1605073254916,0.62763,2.07901,10.27737
peace_dog,1605073255018,0.66685,2.03978,10.15969
peace_dog,1605073255119,0.70608,2.00056,10.19892
peace_dog,1605073255221,0.62763,2.03978,10.23814
peace_dog,1605073255323,0.62763,2.03978,10.27737
peace_dog,1605073255425,0.66685,2.07901,10.19892
peace_dog,1605073255528,0.62763,2.03978,10.23814
peace_dog,1605073255630,0.62763,2.03978,10.23814
peace_dog,1605073255732,0.58840,2.03978,10.23814
peace_dog,1605073255835,0.58840,2.07901,10.27737
peace_dog,1605073255937,0.66685,2.07901,10.19892
peace_dog,1605073256039,0.62763,2.03978,10.23814
peace_dog,1605073256140,0.62763,2.07901,10.23814
peace_dog,1605073256242,0.58840,2.00056,10.19892
peace_dog,1605073256343,0.62763,2.07901,10.19892
peace_dog,1605073256445,0.58840,2.00056,10.23814
peace_dog,1605073256546,0.58840,2.07901,10.23814
peace_dog,1605073256648,0.66685,2.07901,10.19892
peace_dog,1605073256751,0.62763,2.03978,10.27737
peace_dog,1605073256852,0.62763,2.00056,10.23814
peace_dog,1605073256954,0.62763,2.07901,10.19892
peace_dog,1605073257056,0.58840,2.03978,10.19892
peace_dog,1605073257157,0.66685,2.11824,10.23814
peace_dog,1605073257259,0.62763,2.07901,10.23814
peace_dog,1605073257360,0.58840,2.03978,10.27737
peace_dog,1605073257462,0.62763,2.03978,10.23814
peace_dog,1605073257564,0.62763,2.03978,10.23814
peace_dog,1605073257667,0.58840,2.03978,10.23814
peace_dog,1605073257769,0.62763,2.07901,10.23814
peace_dog,1605073257872,0.58840,2.03978,10.23814
peace_dog,1605073257974,0.62763,2.00056,10.23814
peace_dog,1605073258076,0.58840,2.07901,10.27737
peace_dog,1605073258178,0.62763,2.00056,10.15969
peace_dog,1605073258280,0.58840,2.03978,10.23814
peace_dog,1605073258381,0.62763,2.03978,10.23814
peace_dog,1605073258483,0.62763,2.03978,10.23814
peace_dog,1605073258584,0.58840,2.07901,10.19892
peace_dog,1605073258686,0.58840,2.03978,10.27737
peace_dog,1605073258787,0.62763,2.07901,10.23814
peace_dog,1605073258890,0.62763,2.07901,10.23814
peace_dog,1605073258992,0.62763,2.03978,10.23814
peace_dog,1605073259095,0.62763,2.03978,10.19892
peace_dog,1605073259197,0.66685,2.00056,10.23814
peace_dog,1605073259300,0.58840,2.07901,10.27737
peace_dog,1605073259402,0.62763,2.00056,10.19892
peace_dog,1605073259504,0.58840,2.07901,10.23814
peace_dog,1605073259607,0.58840,2.07901,10.23814
peace_dog,1605073259711,0.62763,2.07901,10.23814
peace_dog,1605073259815,0.62763,2.07901,10.19892
peace_dog,1605073259919,0.58840,2.07901,10.23814
peace_dog,1605073260021,0.62763,2.11824,10.23814
peace_dog,1605073260124,0.62763,2.03978,10.23814
peace_dog,1605073260226,0.62763,2.03978,10.23814
peace_dog,1605073260328,0.58840,2.03978,10.23814
peace_dog,1605073260431,0.62763,2.03978,10.19892
peace_dog,1605073260533,0.62763,2.00056,10.19892
peace_dog,1605073260636,0.58840,2.03978,10.23814
peace_dog,1605073260740,0.62763,2.00056,10.19892
peace_dog,1605073260843,0.58840,2.11824,10.27737
peace_dog,1605073260945,0.62763,2.07901,10.23814
peace_dog,1605073261047,0.66685,2.03978,10.27737
peace_dog,1605073261150,0.62763,2.11824,10.23814
peace_dog,1605073261252,0.62763,2.07901,10.19892
peace_dog,1605073261355,0.58840,2.15746,10.23814
peace_dog,1605073261458,0.62763,2.03978,10.23814
peace_dog,1605073261562,0.62763,2.03978,10.27737
peace_dog,1605073261665,0.62763,2.07901,10.19892
peace_dog,1605073261769,0.62763,2.03978,10.19892
peace_dog,1605073261872,0.62763,2.11824,10.15969
peace_dog,1605073261976,0.58840,2.07901,10.19892
peace_dog,1605073262080,0.62763,2.03978,10.23814
peace_dog,1605073262183,0.58840,2.07901,10.19892
peace_dog,1605073262287,0.58840,2.03978,10.19892
peace_dog,1605073262391,0.62763,2.03978,10.19892
peace_dog,1605073262494,0.58840,2.07901,10.27737
peace_dog,1605073262598,0.62763,2.03978,10.23814
peace_dog,1605073262702,0.62763,2.03978,10.27737
peace_dog,1605073262806,0.62763,2.00056,10.23814
peace_dog,1605073262909,0.62763,2.03978,10.23814
peace_dog,1605073263013,0.58840,2.03978,10.23814
peace_dog,1605073263116,0.62763,2.03978,10.23814
peace_dog,1605073263220,0.58840,2.07901,10.23814
peace_dog,1605073263324,0.58840,2.07901,10.23814
peace_dog,1605073263427,0.62763,2.07901,10.31660
peace_dog,1605073263530,0.62763,2.11824,10.19892
peace_dog,1605073263632,0.66685,2.03978,10.15969
peace_dog,1605073263734,0.58840,2.03978,10.23814
peace_dog,1605073263836,0.62763,2.03978,10.27737
peace_dog,1605073263938,0.58840,2.07901,10.23814
peace_dog,1605073264040,0.62763,2.11824,10.19892
peace_dog,1605073264142,0.62763,2.07901,10.23814
peace_dog,1605073264245,0.66685,2.07901,10.27737
peace_dog,1605073264347,0.62763,2.03978,10.23814
peace_dog,1605073264449,0.58840,2.07901,10.23814
peace_dog,1605073264550,0.58840,2.03978,10.23814
peace_dog,1605073264652,0.62763,2.00056,10.27737
peace_dog,1605073264753,0.66685,2.03978,10.23814
peace_dog,1605073264855,0.62763,2.03978,10.15969
peace_dog,1605073264957,0.62763,2.03978,10.23814
peace_dog,1605073265060,0.62763,2.03978,10.23814
peace_dog,1605073265162,0.58840,2.03978,10.23814
peace_dog,1605073265264,0.62763,2.03978,10.19892
peace_dog,1605073265366,0.62763,2.07901,10.19892
peace_dog,1605073265468,0.66685,2.03978,10.23814
peace_dog,1605073265569,0.62763,2.03978,10.23814
peace_dog,1605073265671,0.62763,2.00056,10.23814
peace_dog,1605073265772,0.62763,2.03978,10.23814
peace_dog,1605073265874,0.58840,2.07901,10.23814
peace_dog,1605073265976,0.62763,2.07901,10.27737
peace_dog,1605073266078,0.58840,2.03978,10.23814
peace_dog,1605073266180,0.62763,2.07901,10.23814
peace_dog,1605073266283,0.58840,2.15746,10.19892
peace_dog,1605073266385,0.62763,2.00056,10.19892
peace_dog,1605073266486,0.62763,2.03978,10.19892
peace_dog,1605073266588,0.62763,2.03978,10.23814
peace_dog,1605073266689,0.62763,2.07901,10.15969
peace_dog,1605073266791,0.62763,2.03978,10.19892
peace_dog,1605073266893,0.58840,2.07901,10.19892
peace_dog,1605073266994,0.58840,2.15746,10.23814
peace_dog,1605073267097,0.58840,2.03978,10.19892
peace_dog,1605073267199,0.62763,2.03978,10.23814
peace_dog,1605073267301,0.62763,2.07901,10.19892
peace_dog,1605073267402,0.62763,2.03978,10.19892
peace_dog,1605073267504,0.62763,2.00056,10.23814
peace_dog,1605073267605,0.62763,2.07901,10.23814
peace_dog,1605073267707,0.58840,2.03978,10.23814
peace_dog,1605073267809,0.62763,2.00056,10.23814
peace_dog,1605073267910,0.58840,2.07901,10.23814
peace_dog,1605073268013,0.62763,2.00056,10.23814
peace_dog,1605073268115,0.58840,2.03978,10.23814
peace_dog,1605073268217,0.58840,2.00056,10.23814
peace_dog,1605073268320,0.58840,2.07901,10.27737
peace_dog,1605073268422,0.62763,2.11824,10.23814
peace_dog,1605073268524,0.62763,2.07901,10.19892
peace_dog,1605073268625,0.62763,2.07901,10.23814
peace_dog,1605073268727,0.58840,2.03978,10.23814
peace_dog,1605073268828,0.62763,2.07901,10.27737
peace_dog,1605073268930,0.62763,2.00056,10.23814
peace_dog,1605073269032,0.62763,2.03978,10.19892
peace_dog,1605073269133,0.62763,2.03978,10.23814
peace_dog,1605073269236,0.62763,2.03978,10.27737
peace_dog,1605073269338,0.58840,2.07901,10.23814
peace_dog,1605073269440,0.58840,2.11824,10.19892
peace_dog,1605073269543,0.58840,2.03978,10.23814
peace_dog,1605073269645,0.62763,2.03978,10.23814
peace_dog,1605073269747,0.58840,2.03978,10.23814
peace_dog,1605073269848,0.58840,2.07901,10.19892
peace_dog,1605073269951,0.58840,2.07901,10.23814
peace_dog,1605073270053,0.58840,2.00056,10.19892
peace_dog,1605073270155,0.58840,2.03978,10.23814
peace_dog,1605073270258,0.58840,2.03978,10.27737
peace_dog,1605073270360,0.62763,2.11824,10.23814
peace_dog,1605073270465,0.66685,2.07901,10.19892
peace_dog,1605073270568,0.62763,2.00056,10.23814
peace_dog,1605073270672,0.62763,2.03978,10.23814
peace_dog,1605073270775,0.62763,2.07901,10.23814
peace_dog,1605073270879,0.54917,2.11824,10.23814
peace_dog,1605073270983,0.58840,1.96133,10.23814
peace_dog,1605073271086,0.66685,2.07901,10.23814
peace_dog,1605073271190,0.58840,2.07901,10.27737
peace_dog,1605073271294,0.58840,2.03978,10.23814
peace_dog,1605073271398,0.62763,2.07901,10.19892
peace_dog,1605073271501,0.62763,2.03978,10.19892
peace_dog,1605073271605,0.62763,2.03978,10.19892
peace_dog,1605073271708,0.62763,2.03978,10.19892
peace_dog,1605073271810,0.62763,2.07901,10.19892
peace_dog,1605073271913,0.54917,2.07901,10.19892
peace_dog,1605073272015,0.58840,2.07901,10.19892
peace_dog,1605073272118,0.58840,2.11824,10.23814
peace_dog,1605073272220,0.62763,2.07901,10.27737
peace_dog,1605073272322,0.58840,2.07901,10.23814
peace_dog,1605073272427,0.58840,2.00056,10.23814
peace_dog,1605073272529,0.62763,2.07901,10.23814
peace_dog,1605073272632,0.62763,2.03978,10.23814
peace_dog,1605073272734,0.62763,2.07901,10.23814
peace_dog,1605073272837,0.58840,2.07901,10.19892
peace_dog,1605073272939,0.58840,2.03978,10.23814
peace_dog,1605073273041,0.58840,2.03978,10.27737
peace_dog,1605073273144,0.62763,2.00056,10.19892
peace_dog,1605073273248,0.66685,2.11824,10.19892
peace_dog,1605073273352,0.62763,2.11824,10.27737
peace_dog,1605073273455,0.58840,2.00056,10.23814
peace_dog,1605073273559,0.62763,2.00056,10.19892
peace_dog,1605073273662,0.62763,2.07901,10.23814
peace_dog,1605073273766,0.58840,2.07901,10.23814
peace_dog,1605073273870,0.62763,2.03978,10.19892
peace_dog,1605073273974,0.62763,1.96133,10.19892
peace_dog,1605073274077,0.62763,2.03978,10.23814
peace_dog,1605073274180,0.58840,2.11824,10.19892
peace_dog,1605073274281,0.58840,2.07901,10.27737
peace_dog,1605073274383,0.62763,2.03978,10.27737
peace_dog,1605073274484,0.58840,2.03978,10.27737
peace_dog,1605073274586,0.58840,2.03978,10.27737
peace_dog,1605073274688,0.58840,2.00056,10.23814
peace_dog,1605073274789,0.62763,2.03978,10.23814
peace_dog,1605073274891,0.58840,2.03978,10.27737
peace_dog,1605073274993,0.58840,2.11824,10.27737
peace_dog,1605073275096,0.58840,2.03978,10.19892
peace_dog,1605073275198,0.58840,2.00056,10.23814
peace_dog,1605073275300,0.58840,2.03978,10.19892
peace_dog,1605073275402,0.62763,2.07901,10.19892
peace_dog,1605073275505,0.58840,2.00056,10.27737
peace_dog,1605073275607,0.54917,2.00056,10.23814
peace_dog,1605073275709,0.62763,2.03978,10.23814
peace_dog,1605073275812,0.58840,2.03978,10.27737
peace_dog,1605073275915,0.62763,2.11824,10.23814
peace_dog,1605073276018,0.62763,2.11824,10.19892
peace_dog,1605073276121,0.62763,2.11824,10.23814
peace_dog,1605073276225,0.58840,2.07901,10.23814
peace_dog,1605073276328,0.58840,2.07901,10.27737
peace_dog,1605073276430,0.58840,2.03978,10.27737
peace_dog,1605073276533,0.62763,2.11824,10.23814
peace_dog,1605073276636,0.58840,2.03978,10.23814
peace_dog,1605073276738,0.58840,2.07901,10.19892
peace_dog,1605073276840,0.58840,2.03978,10.23814
peace_dog,1605073276944,0.58840,2.07901,10.23814
peace_dog,1605073277048,0.58840,2.00056,10.23814
peace_dog,1605073277152,0.54917,2.03978,10.27737
peace_dog,1605073277255,0.58840,2.03978,10.27737
peace_dog,1605073277359,0.62763,2.03978,10.27737
peace_dog,1605073277462,0.62763,2.00056,10.23814
peace_dog,1605073277564,0.58840,2.03978,10.23814
peace_dog,1605073277667,0.62763,2.03978,10.19892
peace_dog,1605073277769,0.62763,2.00056,10.23814
peace_dog,1605073277871,0.58840,2.03978,10.19892
peace_dog,1605073277974,0.54917,2.03978,10.23814
peace_dog,1605073278076,0.58840,2.03978,10.27737
peace_dog,1605073278180,0.62763,2.07901,10.23814
peace_dog,1605073278283,0.58840,2.11824,10.23814
peace_dog,1605073278385,0.62763,2.03978,10.23814
peace_dog,1605073278487,0.58840,2.03978,10.23814
peace_dog,1605073278590,0.62763,2.07901,10.23814
peace_dog,1605073278692,0.62763,2.07901,10.19892
peace_dog,1605073278795,0.58840,2.07901,10.23814
peace_dog,1605073278897,0.62763,2.00056,10.19892
peace_dog,1605073279002,0.62763,2.00056,10.23814
peace_dog,1605073279104,0.58840,2.07901,10.23814
peace_dog,1605073279206,0.58840,2.07901,10.27737
peace_dog,1605073279309,0.58840,2.00056,10.23814
peace_dog,1605073279411,0.58840,2.03978,10.23814
peace_dog,1605073279514,0.62763,2.07901,10.23814
peace_dog,1605073279616,0.58840,2.07901,10.23814
peace_dog,1605073279718,0.58840,2.07901,10.23814
peace_dog,1605073279822,0.58840,2.03978,10.23814
peace_dog,1605073279926,0.58840,2.03978,10.23814
peace_dog,1605073280029,0.58840,2.07901,10.23814
peace_dog,1605073280133,0.58840,2.03978,10.23814
peace_dog,1605073280236,0.58840,2.11824,10.23814
peace_dog,1605073280338,0.62763,2.07901,10.19892
peace_dog,1605073280441,0.62763,2.03978,10.19892
peace_dog,1605073280543,0.62763,2.03978,10.23814
peace_dog,1605073280645,0.62763,2.07901,10.23814
peace_dog,1605073280747,0.58840,2.07901,10.23814
peace_dog,1605073280850,0.62763,2.03978,10.23814
peace_dog,1605073280952,0.58840,2.03978,10.27737
peace_dog,1605073281054,0.58840,2.07901,10.23814
peace_dog,1605073281157,0.62763,2.03978,10.23814
peace_dog,1605073281259,0.62763,2.03978,10.23814
peace_dog,1605073281362,0.58840,2.03978,10.23814
peace_dog,1605073281464,0.58840,2.00056,10.19892
peace_dog,1605073281567,0.62763,2.07901,10.19892
peace_dog,1605073281669,0.58840,2.07901,10.27737
peace_dog,1605073281771,0.62763,2.07901,10.19892
peace_dog,1605073281874,0.58840,2.03978,10.23814
peace_dog,1605073281976,0.62763,2.03978,10.23814
peace_dog,1605073282078,0.66685,2.03978,10.19892
peace_dog,1605073282181,0.58840,2.07901,10.23814
peace_dog,1605073282283,0.62763,2.03978,10.23814
peace_dog,1605073282385,0.62763,2.11824,10.27737
peace_dog,1605073282488,0.62763,2.03978,10.23814
peace_dog,1605073282590,0.58840,2.07901,10.27737
peace_dog,1605073282693,0.58840,1.96133,10.27737
peace_dog,1605073282795,0.58840,2.03978,10.23814
peace_dog,1605073282897,0.58840,2.00056,10.23814
peace_dog,1605073283000,0.58840,2.03978,10.23814
peace_dog,1605073283102,0.58840,2.07901,10.19892
peace_dog,1605073283204,0.58840,2.07901,10.19892
peace_dog,1605073283307,0.58840,2.00056,10.19892
peace_dog,1605073283409,0.62763,2.07901,10.23814
peace_dog,1605073283512,0.58840,2.07901,10.23814
peace_dog,1605073283614,0.62763,2.07901,10.19892
peace_dog,1605073283716,0.58840,2.11824,10.23814
peace_dog,1605073283820,0.62763,2.00056,10.23814
peace_dog,1605073283924,0.62763,2.03978,10.23814
peace_dog,1605073284028,0.62763,2.00056,10.23814
peace_dog,1605073284130,0.54917,2.03978,10.27737
peace_dog,1605073284232,0.58840,2.00056,10.27737
peace_dog,1605073284335,0.62763,2.03978,10.19892
peace_dog,1605073284437,0.62763,2.07901,10.23814
peace_dog,1605073284540,0.62763,2.11824,10.23814
peace_dog,1605073284642,0.54917,2.07901,10.27737
peace_dog,1605073284743,0.58840,2.03978,10.23814
peace_dog,1605073284845,0.58840,2.07901,10.23814
peace_dog,1605073284946,0.62763,2.03978,10.19892
peace_dog,1605073285048,0.62763,2.00056,10.23814
peace_dog,1605073285149,0.58840,2.11824,10.19892
peace_dog,1605073285251,0.58840,2.07901,10.27737
peace_dog,1605073285354,0.54917,2.07901,10.23814
peace_dog,1605073285456,0.58840,2.07901,10.23814
peace_dog,1605073285558,0.62763,2.03978,10.23814
peace_dog,1605073285660,0.58840,2.07901,10.19892
peace_dog,1605073285762,0.58840,2.07901,10.27737
peace_dog,1605073285863,0.58840,2.03978,10.23814
peace_dog,1605073285965,0.62763,2.00056,10.19892
peace_dog,1605073286066,0.58840,2.03978,10.23814
peace_dog,1605073286168,0.58840,2.07901,10.23814
peace_dog,1605073286270,0.62763,2.03978,10.19892
peace_dog,1605073286372,0.66685,2.07901,10.23814
peace_dog,1605073286475,0.58840,2.03978,10.19892
peace_dog,1605073286578,0.58840,2.03978,10.19892
peace_dog,1605073286680,0.62763,2.03978,10.19892
peace_dog,1605073286782,0.54917,2.03978,10.23814
peace_dog,1605073286883,0.66685,2.03978,10.19892
peace_dog,1605073286985,0.58840,2.00056,10.23814
peace_dog,1605073287086,0.62763,2.03978,10.23814
peace_dog,1605073287188,0.66685,2.03978,10.23814
peace_dog,1605073287289,0.58840,2.03978,10.19892
peace_dog,1605073287391,0.62763,2.07901,10.23814
peace_dog,1605073287493,0.58840,2.03978,10.27737
peace_dog,1605073287596,0.58840,2.07901,10.23814
peace_dog,1605073287698,0.54917,2.03978,10.27737
peace_dog,1605073287800,0.58840,2.03978,10.19892
peace_dog,1605073287903,0.62763,1.96133,10.23814
peace_dog,1605073288004,0.58840,2.07901,10.19892
peace_dog,1605073288106,0.58840,2.03978,10.23814
peace_dog,1605073288208,0.58840,2.11824,10.23814
peace_dog,1605073288309,0.66685,2.00056,10.19892
peace_dog,1605073288411,0.54917,2.03978,10.19892
peace_dog,1605073288512,0.62763,2.07901,10.19892
peace_dog,1605073288614,0.58840,2.00056,10.27737
peace_dog,1605073288717,0.62763,2.03978,10.19892
peace_dog,1605073288819,0.62763,2.00056,10.23814
peace_dog,1605073288922,0.62763,2.03978,10.23814
peace_dog,1605073289024,0.58840,2.07901,10.27737
peace_dog,1605073289126,0.54917,2.00056,10.23814
peace_dog,1605073289229,0.62763,2.07901,10.23814
peace_dog,1605073289331,0.58840,2.07901,10.23814
peace_dog,1605073289433,0.58840,2.07901,10.19892
peace_dog,1605073289534,0.62763,2.03978,10.23814
peace_dog,1605073289636,0.62763,2.11824,10.23814
peace_dog,1605073289737,0.58840,2.07901,10.19892
peace_dog,1605073289839,0.58840,2.03978,10.19892
peace_dog,1605073289940,0.58840,2.03978,10.27737
peace_dog,1605073290042,0.62763,2.07901,10.23814
peace_dog,1605073290145,0.62763,2.00056,10.23814
peace_dog,1605073290247,0.62763,2.07901,10.19892
peace_dog,1605073290349,0.58840,1.96133,10.23814
peace_dog,1605073290452,0.62763,2.03978,10.27737
peace_dog,1605073290554,0.58840,2.00056,10.23814
peace_dog,1605073290656,0.58840,2.03978,10.23814
peace_dog,1605073290760,0.58840,2.07901,10.19892
peace_dog,1605073290864,0.62763,2.07901,10.23814
peace_dog,1605073290968,0.62763,2.07901,10.27737
peace_dog,1605073291071,0.62763,2.03978,10.19892
peace_dog,1605073291175,0.58840,2.00056,10.23814
peace_dog,1605073291279,0.58840,2.03978,10.27737
peace_dog,1605073291382,0.58840,2.07901,10.19892
peace_dog,1605073291485,0.58840,2.03978,10.19892
peace_dog,1605073291587,0.58840,2.00056,10.23814
peace_dog,1605073291690,0.54917,2.03978,10.19892
peace_dog,1605073291792,0.62763,2.03978,10.23814
peace_dog,1605073291895,0.62763,2.07901,10.27737
peace_dog,1605073291997,0.58840,2.07901,10.19892
peace_dog,1605073292099,0.58840,2.03978,10.19892
peace_dog,1605073292204,0.62763,2.00056,10.19892
peace_dog,1605073292306,0.58840,2.03978,10.19892
peace_dog,1605073292409,0.62763,2.03978,10.19892
peace_dog,1605073292511,0.62763,2.03978,10.23814
peace_dog,1605073292614,0.62763,2.03978,10.19892
peace_dog,1605073292716,0.58840,2.07901,10.19892
peace_dog,1605073292818,0.58840,2.07901,10.23814
peace_dog,1605073292921,0.58840,2.07901,10.23814
peace_dog,1605073293025,0.58840,2.07901,10.23814
peace_dog,1605073293129,0.62763,2.03978,10.23814
peace_dog,1605073293232,0.58840,2.03978,10.23814
peace_dog,1605073293336,0.58840,2.03978,10.23814
peace_dog,1605073293439,0.62763,2.07901,10.23814
peace_dog,1605073293543,0.62763,2.03978,10.23814
peace_dog,1605073293646,0.62763,2.07901,10.23814
peace_dog,1605073293749,0.58840,1.96133,10.19892
peace_dog,1605073293851,0.58840,2.00056,10.23814
peace_dog,1605073293952,0.58840,2.07901,10.27737
peace_dog,1605073294054,0.58840,2.03978,10.23814
peace_dog,1605073294155,0.62763,2.03978,10.23814
peace_dog,1605073294257,0.58840,2.00056,10.23814
peace_dog,1605073294359,0.58840,2.03978,10.23814
peace_dog,1605073294460,0.54917,2.03978,10.27737
peace_dog,1605073294563,0.58840,2.03978,10.23814
peace_dog,1605073294665,0.58840,2.03978,10.23814
peace_dog,1605073294767,0.62763,2.07901,10.23814
peace_dog,1605073294869,0.58840,2.00056,10.23814
peace_dog,1605073294972,0.62763,2.03978,10.23814
peace_dog,1605073295074,0.62763,2.00056,10.19892
peace_dog,1605073295176,0.62763,2.07901,10.19892
peace_dog,1605073295279,0.62763,2.07901,10.23814
peace_dog,1605073295381,0.62763,2.03978,10.19892
peace_dog,1605073295483,0.58840,2.03978,10.23814
peace_dog,1605073295585,0.58840,2.03978,10.23814
peace_dog,1605073295688,0.62763,2.03978,10.23814
peace_dog,1605073295790,0.62763,2.03978,10.23814
peace_dog,1605073295892,0.58840,2.07901,10.23814
peace_dog,1605073295995,0.58840,2.07901,10.23814
peace_dog,1605073296098,0.58840,2.11824,10.23814
peace_dog,1605073296199,0.62763,2.07901,10.23814
peace_dog,1605073296301,0.54917,2.03978,10.31660
peace_dog,1605073296402,0.54917,2.00056,10.19892
peace_dog,1605073296504,0.58840,2.07901,10.23814
peace_dog,1605073296606,0.58840,2.07901,10.19892
peace_dog,1605073296707,0.58840,2.11824,10.23814
peace_dog,1605073296809,0.62763,2.03978,10.23814
peace_dog,1605073296911,0.58840,2.00056,10.27737
peace_dog,1605073297014,0.58840,2.07901,10.19892
peace_dog,1605073297116,0.62763,2.03978,10.27737
peace_dog,1605073297219,0.58840,2.03978,10.23814
peace_dog,1605073297321,0.58840,2.07901,10.23814
peace_dog,1605073297423,0.62763,2.03978,10.23814
peace_dog,1605073297526,0.58840,2.03978,10.23814
peace_dog,1605073297628,0.58840,2.07901,10.23814
peace_dog,1605073297730,0.58840,2.03978,10.27737
peace_dog,1605073297833,0.58840,2.03978,10.23814
peace_dog,1605073297935,0.58840,2.07901,10.23814
peace_dog,1605073298038,0.58840,2.07901,10.23814
peace_dog,1605073298140,0.62763,2.03978,10.27737
peace_dog,1605073298242,0.62763,2.00056,10.15969
peace_dog,1605073298345,0.62763,1.96133,10.23814
peace_dog,1605073298447,0.66685,2.03978,10.27737
peace_dog,1605073298550,0.58840,2.03978,10.23814
peace_dog,1605073298652,0.58840,2.03978,10.23814
peace_dog,1605073298754,0.62763,2.00056,10.19892
peace_dog,1605073298856,0.58840,2.03978,10.19892
peace_dog,1605073298959,0.58840,2.07901,10.19892
peace_dog,1605073299061,0.62763,2.03978,10.19892
peace_dog,1605073299164,0.54917,2.03978,10.27737
peace_dog,1605073299266,0.62763,2.00056,10.23814
peace_dog,1605073299368,0.62763,2.03978,10.23814
peace_dog,1605073299470,0.58840,2.07901,10.19892
peace_dog,1605073299571,0.58840,2.07901,10.27737
peace_dog,1605073299673,0.62763,2.07901,10.19892
peace_dog,1605073299775,0.58840,2.00056,10.19892
peace_dog,1605073299876,0.58840,2.03978,10.19892
peace_dog,1605073299979,0.58840,2.11824,10.27737
peace_dog,1605073300081,0.58840,2.07901,10.23814
peace_dog,1605073300185,0.62763,2.00056,10.19892
peace_dog,1605073300287,0.58840,2.00056,10.23814
